,Sample,A[C>A]A,A[C>A]C,A[C>A]G,A[C>A]T,A[C>G]A,A[C>G]C,A[C>G]G,A[C>G]T,A[C>T]A,A[C>T]C,A[C>T]G,A[C>T]T,A[T>A]A,A[T>A]C,A[T>A]G,A[T>A]T,A[T>C]A,A[T>C]C,A[T>C]G,A[T>C]T,A[T>G]A,A[T>G]C,A[T>G]G,A[T>G]T,C[C>A]A,C[C>A]C,C[C>A]G,C[C>A]T,C[C>G]A,C[C>G]C,C[C>G]G,C[C>G]T,C[C>T]A,C[C>T]C,C[C>T]G,C[C>T]T,C[T>A]A,C[T>A]C,C[T>A]G,C[T>A]T,C[T>C]A,C[T>C]C,C[T>C]G,C[T>C]T,C[T>G]A,C[T>G]C,C[T>G]G,C[T>G]T,G[C>A]A,G[C>A]C,G[C>A]G,G[C>A]T,G[C>G]A,G[C>G]C,G[C>G]G,G[C>G]T,G[C>T]A,G[C>T]C,G[C>T]G,G[C>T]T,G[T>A]A,G[T>A]C,G[T>A]G,G[T>A]T,G[T>C]A,G[T>C]C,G[T>C]G,G[T>C]T,G[T>G]A,G[T>G]C,G[T>G]G,G[T>G]T,T[C>A]A,T[C>A]C,T[C>A]G,T[C>A]T,T[C>G]A,T[C>G]C,T[C>G]G,T[C>G]T,T[C>T]A,T[C>T]C,T[C>T]G,T[C>T]T,T[T>A]A,T[T>A]C,T[T>A]G,T[T>A]T,T[T>C]A,T[T>C]C,T[T>C]G,T[T>C]T,T[T>G]A,T[T>G]C,T[T>G]G,T[T>G]T
0,PD28690bp_SB1_A9,44,22,6,31,18,7,3,22,62,51,448,58,16,13,15,31,42,21,35,39,6,6,8,12,40,20,2,26,9,8,2,17,50,58,248,64,10,11,11,14,17,19,12,19,7,2,7,7,55,20,10,26,10,8,1,4,47,66,262,49,2,4,3,11,21,18,16,22,3,7,8,4,53,33,4,76,8,7,0,26,66,54,148,56,17,5,9,10,22,18,12,24,10,7,6,9
1,PD28690bp_SB1_H8,33,25,5,23,9,6,4,7,61,29,430,28,17,3,13,27,37,22,23,34,3,3,4,5,35,13,3,29,2,4,1,2,39,38,200,56,12,13,8,15,15,10,14,16,0,4,3,8,53,19,2,27,7,7,4,3,30,46,258,37,3,3,5,6,16,15,18,20,3,4,4,4,44,24,5,42,12,7,0,28,73,48,159,69,24,3,3,15,21,11,13,15,4,2,6,14
2,PD28690bp_SB1_G8,24,6,0,15,5,4,0,10,31,23,271,21,3,4,9,4,26,4,34,20,4,0,3,5,24,9,2,12,2,5,1,6,27,33,134,39,6,5,7,9,7,16,11,16,2,1,4,4,29,15,2,17,4,3,1,0,18,31,173,34,5,1,1,6,13,7,4,14,2,1,1,5,24,13,3,26,24,7,0,37,53,27,123,30,8,4,3,10,11,10,1,19,2,4,6,8
3,PD28690bt_SB2_F10,72,35,5,33,16,10,4,15,68,34,512,54,14,11,16,34,66,27,37,52,13,3,8,15,40,32,5,39,11,9,3,9,52,77,268,81,10,13,18,24,18,17,13,20,4,3,8,15,69,30,11,48,6,7,3,8,38,76,333,59,6,13,4,10,28,20,22,27,4,2,9,3,57,42,5,88,15,10,1,40,52,81,208,58,14,9,8,16,28,23,21,32,6,14,10,18
4,PD28690bt_SB2_H10,50,31,6,24,19,6,3,11,68,34,520,51,9,17,16,25,53,26,37,57,6,4,6,15,42,23,6,39,6,10,3,11,44,51,235,62,7,12,11,10,20,26,20,16,3,7,9,5,48,28,11,37,7,6,1,6,39,62,318,52,6,5,4,9,23,24,20,28,0,2,5,7,56,39,8,58,37,20,6,56,112,78,223,76,21,4,14,23,28,18,16,35,7,10,16,17
5,PD28690bp_SB1_D8,52,39,15,32,19,10,1,12,65,41,514,54,16,17,14,31,57,26,33,57,9,8,6,12,34,24,6,29,4,12,0,14,52,60,258,54,7,10,13,15,14,12,26,25,7,6,16,11,65,31,6,34,14,5,2,9,63,50,316,42,6,9,4,15,25,19,13,23,3,2,4,5,51,42,9,80,25,15,1,32,91,59,210,84,19,8,7,23,21,17,18,34,10,8,10,20
6,PD28690bp_SB1_G9,40,26,4,24,10,7,0,10,53,33,382,28,19,10,9,11,35,18,17,35,7,4,3,10,34,20,2,28,6,7,1,12,34,51,174,48,8,9,20,21,17,12,12,19,6,7,7,7,51,23,2,34,7,9,2,11,36,49,254,42,5,5,2,14,16,12,6,17,1,2,5,4,56,28,7,53,13,10,1,22,47,48,156,55,8,6,5,16,16,15,18,21,1,9,8,11
7,PD28690bt_SB2_C11,37,24,4,23,6,5,0,13,56,36,431,44,13,12,14,14,50,13,28,38,5,5,9,6,36,15,3,29,8,6,2,7,44,54,228,52,6,6,9,14,12,5,27,13,4,5,5,8,49,15,4,22,1,8,1,8,31,42,288,34,6,8,5,10,17,11,17,19,3,2,3,4,49,37,6,50,52,18,3,69,107,62,165,83,11,2,6,10,20,19,13,25,8,0,3,11
8,PD28690bt_SB2_E11,31,31,5,11,14,5,1,16,58,35,456,43,16,6,7,17,39,20,34,44,7,4,9,13,29,21,6,17,2,7,1,6,44,55,201,57,2,7,13,13,12,14,16,11,2,8,5,9,56,20,3,26,10,3,0,4,46,48,246,46,5,2,7,4,17,14,7,26,2,2,1,2,40,40,6,61,12,7,0,16,34,58,155,43,13,5,6,14,16,20,13,25,4,10,7,9
9,PD28690bt_SB2_F11,56,32,4,29,16,10,2,12,57,47,539,35,14,10,11,23,55,18,24,71,3,6,11,17,36,25,3,40,7,11,2,9,28,55,235,70,9,8,13,17,16,16,24,20,5,3,5,8,75,23,6,27,8,7,1,8,34,53,321,59,7,6,5,10,21,14,20,17,3,4,4,5,39,38,7,78,12,7,0,22,48,60,190,66,19,5,2,16,22,19,18,29,7,3,10,10
10,PD28690bt_SB2_G11,43,31,4,24,18,7,2,9,55,43,485,33,16,10,11,24,46,14,27,59,3,4,8,16,31,20,4,27,6,8,1,6,31,49,211,55,10,3,11,13,11,16,19,18,5,4,4,5,64,26,4,24,8,4,1,7,35,52,274,50,4,3,4,9,18,15,19,14,2,3,1,6,38,32,6,61,12,6,0,20,39,46,167,51,15,2,5,13,18,16,18,28,6,3,6,8
11,PD28690bt_SB3_E5,43,43,8,31,17,5,2,17,64,37,531,48,12,14,8,28,41,25,39,46,5,3,9,14,40,26,0,41,10,7,3,15,53,55,241,77,10,17,11,25,20,19,24,20,4,5,6,6,58,29,9,28,9,6,1,7,59,58,342,50,3,3,11,7,26,19,18,30,1,4,2,2,43,38,6,54,20,10,1,28,63,56,210,58,16,4,11,20,21,22,17,47,5,3,6,17
12,PD28690bt_SB3_F5,43,43,8,31,17,5,2,17,64,37,531,49,12,14,7,28,41,25,39,46,5,3,9,14,40,26,0,40,10,7,3,15,54,56,241,77,11,17,11,25,20,19,24,20,4,5,6,6,56,29,9,28,9,6,1,7,59,58,342,50,3,3,11,7,27,19,18,30,1,4,2,2,42,37,6,55,19,10,2,28,64,56,209,57,16,4,11,20,20,22,17,47,5,4,6,17
13,PD28690bt_SB2_A11,47,31,7,31,24,7,1,21,63,56,532,41,13,10,18,19,50,27,29,45,13,2,7,4,49,24,7,23,5,9,4,12,48,44,244,76,13,9,16,26,18,15,22,25,5,2,7,11,51,26,9,41,5,4,3,7,48,69,328,61,4,4,4,6,35,24,20,30,4,1,4,6,48,51,11,77,16,12,1,19,62,81,220,77,19,9,4,18,38,30,13,20,6,4,13,17
14,PD28690bt_SB3_B5,30,25,4,11,16,4,2,6,40,23,313,30,10,8,6,17,28,15,26,24,4,4,5,3,21,10,4,20,5,2,2,8,32,54,150,39,5,5,2,8,11,11,16,15,2,4,8,5,34,15,4,14,3,7,1,8,23,25,184,43,2,0,4,5,14,21,13,13,1,2,1,3,29,18,0,32,10,7,0,13,34,46,118,50,6,3,2,6,18,12,15,13,3,1,8,8
15,PD28690bt_SB3_C5,26,25,3,12,14,3,2,5,34,21,282,24,8,7,4,15,24,12,21,19,4,2,5,3,16,11,3,17,6,2,2,6,26,42,144,37,2,4,2,1,8,10,13,16,2,4,7,5,31,9,3,13,2,6,1,5,19,22,161,35,1,1,4,3,10,18,7,12,2,2,1,3,19,13,0,38,5,7,0,11,37,36,102,42,7,1,2,3,17,12,15,12,1,2,7,9
16,PD28690bp_SB1_H9,77,36,10,40,20,13,0,19,81,44,662,47,23,19,12,36,43,30,36,58,8,7,12,17,54,31,7,44,18,7,2,12,64,66,313,97,10,14,23,29,19,24,25,30,2,7,6,8,72,34,10,70,7,10,0,10,64,56,423,67,5,7,5,13,31,27,24,28,8,5,6,3,83,75,13,134,40,14,4,61,146,82,252,117,21,7,12,15,31,28,22,32,12,5,10,24
17,PD28690bt_SB2_G10,50,37,7,19,15,3,1,13,52,34,463,57,19,15,14,22,44,21,35,39,7,9,8,13,32,21,3,24,3,5,2,12,47,62,241,68,3,8,14,14,19,18,23,21,3,3,11,12,57,18,6,35,9,7,4,7,43,51,300,51,5,4,5,6,25,18,13,19,3,1,7,5,39,44,7,45,7,9,2,30,53,54,191,47,11,7,4,16,25,23,13,24,5,7,10,15
18,PD28690bp_SB1_E9,55,37,7,26,17,9,1,11,87,44,502,55,15,13,20,23,54,24,42,54,10,3,5,5,55,27,5,31,13,5,3,15,55,70,256,80,10,12,16,19,9,28,26,20,4,8,5,9,50,25,5,31,11,9,3,14,51,82,303,71,5,6,8,12,30,19,14,27,3,3,4,6,42,40,9,63,11,7,2,25,65,69,202,54,26,5,5,16,21,17,18,35,7,5,6,15
19,PD28690bp_SB1_B8,44,38,4,20,12,16,2,14,69,28,584,67,13,22,16,34,55,22,28,50,10,5,13,5,46,24,5,33,7,11,5,12,52,40,277,58,17,10,15,22,14,15,18,21,3,5,9,6,52,19,10,47,3,6,4,8,57,45,376,50,3,6,5,13,20,16,12,32,4,1,2,5,67,63,11,103,156,36,3,181,216,85,237,142,23,8,9,22,28,21,14,40,8,9,7,12
20,PD28690bp_SB1_B9,42,19,6,28,16,9,2,11,73,48,505,49,22,9,14,29,44,15,47,58,7,6,7,10,42,26,5,22,5,7,1,14,54,78,287,76,13,14,7,24,23,21,17,24,2,5,11,9,58,30,6,39,5,12,4,8,44,59,355,60,5,4,5,9,35,25,15,27,8,2,7,6,54,33,7,89,32,10,1,34,92,68,215,90,20,6,8,15,28,13,12,23,9,8,11,15
21,PD34200a_i21,24,16,4,12,8,4,2,7,22,21,224,30,4,6,11,12,31,9,10,24,4,1,5,5,10,5,4,13,6,3,1,5,24,23,105,29,1,2,4,3,5,4,11,10,1,2,6,2,25,9,1,11,3,3,1,3,23,31,122,22,2,2,4,3,9,4,9,11,0,1,3,0,15,11,5,28,3,0,4,10,27,26,82,25,8,4,5,7,14,12,11,12,2,5,6,5
22,PD34200a_i33,31,15,3,22,8,3,1,7,41,17,256,33,8,7,10,13,36,13,20,37,5,1,3,7,20,12,2,14,3,4,0,8,24,33,130,36,6,6,9,7,7,10,15,8,3,4,5,4,25,10,4,21,6,3,1,6,20,25,152,27,2,0,2,6,9,12,9,20,2,0,2,7,23,16,3,28,7,6,4,12,23,29,89,21,7,3,6,11,9,11,10,14,2,1,5,10
23,PD34200a_i36,32,13,1,19,12,4,0,8,41,34,271,36,9,4,4,19,28,7,21,38,2,2,3,3,19,5,1,11,2,6,2,4,27,33,129,31,9,7,6,8,12,9,18,12,2,6,2,2,31,9,1,15,1,0,1,4,25,28,142,26,2,3,2,2,16,8,12,19,0,1,4,4,27,18,2,33,6,0,2,15,26,31,103,23,7,6,3,13,11,15,9,16,3,4,5,5
24,PD34200a_i54,23,8,3,11,10,4,1,7,42,21,245,24,11,3,6,8,24,13,23,30,2,2,7,2,26,13,2,8,2,4,1,10,38,35,114,26,3,1,7,9,10,10,7,6,3,4,4,2,17,8,3,12,3,5,0,2,23,24,137,26,1,5,4,5,14,9,9,16,1,0,0,4,24,12,1,32,12,3,1,24,37,37,92,37,8,2,6,14,10,13,9,11,5,5,2,12
25,PD34200a_i22,25,18,6,12,7,7,3,2,38,28,231,33,7,5,8,15,26,19,21,31,4,2,1,6,18,7,1,9,3,0,3,4,18,31,111,29,7,5,5,5,7,5,10,14,2,1,5,2,19,8,2,17,4,4,2,4,18,24,125,25,3,3,2,4,9,9,7,15,1,0,4,4,22,11,3,22,9,5,1,10,17,26,98,21,6,3,3,11,11,14,15,12,1,3,1,12
26,PD37266c_lo0010,34,15,4,12,13,4,1,11,40,25,290,36,17,10,7,14,62,25,27,82,3,4,3,9,14,9,2,14,7,5,3,8,25,27,119,44,5,7,5,8,10,7,18,12,2,3,6,7,22,11,3,17,5,1,1,4,28,26,163,40,6,3,4,3,18,9,6,23,4,1,3,6,25,25,5,32,10,6,1,20,41,38,97,49,23,8,2,19,18,16,7,47,6,7,6,29
27,PD37266c_lo0012,46,21,8,20,10,10,2,9,61,30,343,35,22,7,11,20,52,32,44,74,5,4,7,6,27,7,6,18,7,5,2,11,35,38,152,52,4,5,10,14,17,10,16,13,2,2,6,4,51,17,3,29,5,6,0,8,37,37,222,26,6,2,3,10,7,14,14,15,3,4,6,6,34,34,16,47,17,4,2,27,44,59,128,48,19,6,4,18,24,16,14,42,12,3,4,29
28,PD37266c_lo0014,28,15,10,14,14,5,2,12,44,35,253,25,20,15,9,10,53,32,27,75,3,2,2,8,20,12,3,17,3,5,1,9,35,37,138,32,5,4,10,8,11,8,12,22,1,3,3,8,15,9,1,11,7,5,1,2,31,39,145,36,4,2,4,4,23,14,10,21,3,0,4,6,24,15,7,25,20,4,5,30,61,44,99,55,5,2,7,15,13,16,9,54,6,5,9,26
29,PD37266c_lo0016,37,20,2,22,13,4,5,15,65,37,365,48,21,8,10,30,64,27,30,94,6,7,7,8,34,11,2,18,7,8,1,9,40,39,178,57,8,6,7,8,13,17,14,15,6,4,7,13,38,16,7,24,3,4,0,8,21,40,209,34,7,5,7,4,23,14,13,35,1,2,6,12,39,28,8,40,15,7,1,33,65,53,151,54,24,11,3,19,30,11,14,56,9,6,7,32
30,PD37266c_lo0023,17,9,1,4,5,2,2,3,16,4,119,15,4,9,5,2,15,8,10,21,3,1,1,0,5,3,1,2,1,4,0,3,9,15,62,9,3,1,2,3,3,3,5,3,0,1,2,0,6,5,3,6,2,1,0,2,5,20,79,9,1,1,3,3,6,5,4,12,1,1,0,2,9,12,2,14,4,4,1,3,17,8,48,11,4,1,1,9,12,8,4,9,2,0,2,9
31,PD37266c_lo0018,35,17,1,15,11,9,2,15,47,29,287,26,19,6,12,16,51,28,25,92,7,3,7,8,23,12,5,20,4,7,7,7,29,29,138,37,6,8,8,3,16,9,17,15,4,5,6,10,28,11,2,11,8,6,0,11,19,23,166,35,2,2,5,7,17,12,10,30,3,1,7,10,27,29,4,37,17,12,0,23,61,45,115,52,20,7,6,19,20,18,8,31,8,8,5,25
32,PD37449f_lo0002,27,18,3,19,7,4,3,6,29,16,242,25,12,10,4,22,39,15,21,31,6,3,6,7,13,7,2,12,2,4,1,10,12,22,116,18,9,8,2,7,7,8,6,11,6,1,7,5,24,10,3,19,2,3,1,3,19,19,169,20,5,2,5,4,13,9,14,13,1,0,1,6,25,16,5,44,18,11,1,21,39,39,74,34,13,2,1,13,17,10,5,19,4,3,8,15
33,PD37449f_lo0010,17,21,2,16,9,5,2,7,24,15,235,27,9,9,6,23,39,17,17,58,1,0,3,3,18,8,0,9,6,1,2,7,27,22,117,26,2,3,5,6,9,7,11,10,2,1,2,7,27,13,3,16,4,2,1,5,13,17,145,23,2,3,1,9,14,8,8,11,3,4,2,10,17,21,5,25,6,2,1,11,30,20,76,27,18,10,5,13,16,4,3,34,1,2,5,28
34,PD37449f_lo0023,25,22,2,18,9,7,2,6,29,17,277,29,9,8,9,28,41,17,19,58,0,0,3,6,26,10,1,13,5,1,1,7,26,25,150,29,4,4,4,6,13,9,13,10,1,1,3,8,35,10,7,20,2,1,0,7,16,20,179,26,4,3,1,9,13,9,7,12,2,4,2,12,30,29,4,35,6,5,1,11,30,22,90,26,17,8,5,17,13,7,2,32,2,3,6,26
35,PD37449f_lo0016,37,24,2,19,6,9,3,8,38,18,310,24,20,15,6,27,36,13,11,40,3,4,5,7,14,6,3,19,7,5,5,5,17,24,169,28,4,5,2,7,13,10,10,10,3,3,4,4,44,16,4,33,0,4,2,3,20,28,174,21,1,1,2,7,14,13,6,18,0,0,3,6,44,16,11,42,3,5,1,20,43,25,107,35,15,7,4,21,17,11,9,26,6,3,5,17
36,PD37449f_lo0022,24,18,3,17,13,1,0,2,26,18,215,18,13,7,8,21,33,14,34,54,7,3,1,5,22,9,2,9,7,3,3,7,11,21,96,28,4,4,9,7,9,6,10,8,2,3,4,10,18,15,4,15,2,2,0,2,15,32,154,20,1,5,1,6,19,8,4,12,1,0,0,3,25,21,2,34,12,4,2,28,38,26,98,26,14,7,5,15,19,13,10,34,5,5,4,25
37,PD37449f_lo0011,16,13,2,7,3,1,1,3,24,16,179,12,2,4,6,5,16,10,9,24,2,0,2,5,10,3,0,12,1,0,1,4,10,9,78,13,0,2,3,7,7,6,2,4,0,2,2,6,13,8,2,12,2,0,1,5,10,19,101,13,2,0,2,1,11,5,6,13,1,0,2,1,25,9,3,20,2,4,1,9,17,21,63,14,10,3,1,9,6,9,1,7,2,2,2,10
38,PD37449f_lo0006,24,22,4,22,9,4,3,9,22,11,227,29,9,12,10,12,28,12,18,37,4,6,5,6,20,19,3,16,7,4,3,3,22,20,112,31,6,5,4,9,3,6,10,13,1,5,2,8,28,15,3,17,5,3,0,5,17,19,133,25,5,5,3,9,8,13,13,14,0,3,4,3,33,28,8,43,67,12,2,86,88,45,98,54,6,3,3,21,15,9,8,32,3,2,2,20
39,PD37449f_lo0019,21,23,3,18,6,0,3,2,28,25,215,31,5,7,6,9,28,9,10,42,3,2,2,6,17,9,4,12,4,5,1,4,16,16,103,20,4,5,3,9,11,7,6,11,3,2,2,1,26,11,3,18,1,4,1,1,18,29,145,23,5,3,2,3,16,6,7,22,2,3,2,7,21,15,4,36,6,4,1,21,31,21,91,29,7,5,5,19,9,8,8,28,2,3,6,19
40,PD37449f_lo0008,16,2,3,2,4,4,3,2,7,9,115,7,7,6,1,5,12,9,9,27,1,5,3,3,6,5,3,4,1,3,1,2,8,10,40,9,2,1,1,4,3,3,3,8,1,0,5,3,14,6,2,8,6,0,3,1,14,11,67,13,0,2,1,0,8,2,6,5,0,1,0,1,17,16,3,16,5,4,0,5,12,9,43,11,3,4,1,14,5,5,5,16,3,2,2,13
41,PD37449f_lo0017,28,9,1,18,5,1,4,5,26,20,249,19,8,8,9,11,40,17,22,33,3,1,5,2,11,11,1,13,4,6,2,6,20,26,110,22,3,4,5,4,7,14,9,12,1,3,6,3,25,6,2,21,2,2,3,3,24,31,143,19,1,3,3,2,14,12,8,14,2,1,1,4,21,19,4,33,5,6,1,14,24,29,112,36,6,2,6,14,16,11,11,27,3,3,4,12
42,PD41851d_lo0003,71,41,7,42,20,10,4,19,83,42,538,61,24,17,26,25,67,30,33,62,9,4,8,15,55,18,5,39,12,12,2,26,72,84,262,66,17,12,18,19,21,21,25,21,5,3,8,9,67,25,9,25,10,5,1,11,70,63,304,53,9,7,9,16,32,23,25,44,0,3,5,9,59,46,11,82,33,13,1,65,129,88,216,81,16,10,5,26,32,16,26,38,7,6,10,25
43,PD41851d_lo0004,69,37,8,37,18,14,5,19,72,43,453,71,16,12,25,33,62,22,41,70,6,3,18,12,57,33,9,38,11,7,2,15,51,51,244,87,14,11,11,24,19,21,19,16,9,7,7,8,53,26,6,34,10,9,0,7,52,64,323,68,5,6,11,10,30,27,22,37,1,1,8,4,74,40,5,70,53,21,4,83,149,88,190,79,21,10,8,30,22,22,15,36,10,9,13,26
44,PD41851d_lo0005,52,33,12,32,29,14,3,24,65,45,412,58,20,13,17,24,58,24,45,58,6,2,11,9,49,21,7,25,14,14,1,16,61,56,216,96,8,13,12,18,24,16,12,21,5,7,11,15,48,15,4,21,11,4,4,13,56,55,306,51,8,9,6,14,21,13,10,34,2,1,7,4,65,46,13,57,148,33,8,205,245,84,178,153,11,10,7,28,24,12,16,31,8,10,6,12
45,PD41851d_lo0040,64,37,6,48,21,14,5,16,85,40,515,71,35,17,21,32,55,29,43,63,3,2,10,7,38,27,9,31,10,7,2,14,49,69,260,90,7,14,19,24,21,20,21,24,3,5,8,7,41,30,1,33,9,2,1,5,52,57,329,75,9,4,7,12,32,29,19,39,3,2,6,7,51,50,13,59,22,9,3,41,102,72,228,100,24,15,15,27,24,38,24,26,10,9,2,16
46,PD41851d_lo0041,54,48,9,39,20,7,5,18,90,43,551,63,31,16,15,40,63,34,44,71,6,2,8,10,45,14,11,36,13,8,3,10,58,66,241,75,17,10,10,23,15,17,13,32,2,2,10,7,74,19,9,24,8,6,4,11,50,67,365,76,8,10,14,8,30,20,18,33,7,1,10,4,56,41,12,73,52,16,4,42,109,78,208,81,27,8,8,27,27,21,15,29,12,9,10,11
47,PD41851d_lo0043,64,44,8,39,22,13,3,19,82,40,568,72,30,23,19,34,65,30,37,81,5,2,10,8,52,30,6,28,15,13,4,14,59,73,269,77,8,12,18,19,16,17,16,23,2,4,14,15,76,30,14,51,6,9,0,14,66,73,378,66,8,8,10,12,29,19,20,37,3,5,4,7,84,50,5,92,110,19,4,137,209,87,263,111,22,20,5,25,36,15,16,36,17,7,11,19
48,PD41851d_lo0034,66,50,10,50,30,7,2,25,92,53,565,62,21,31,25,29,72,28,47,65,10,8,7,16,52,30,7,40,16,11,1,15,61,72,265,92,15,16,15,23,21,23,23,33,3,2,12,10,79,24,7,22,10,5,3,8,69,81,358,55,8,7,12,9,29,25,29,44,6,3,8,7,80,64,12,108,64,29,1,91,156,84,222,104,20,10,8,27,27,28,19,48,9,10,11,19
49,PD41851d_lo0035,91,50,12,54,36,11,4,23,104,54,641,63,31,29,26,45,75,21,54,72,13,5,20,16,61,26,7,49,17,16,5,16,71,65,288,104,13,25,18,41,30,24,23,36,8,8,10,15,88,30,16,49,11,11,3,18,63,78,393,71,13,3,20,19,38,21,26,64,5,5,5,7,75,43,14,86,85,16,6,112,177,95,271,124,38,14,12,34,34,23,19,41,9,13,12,20
50,PD41851d_lo0036,119,54,15,63,44,17,3,25,149,66,890,82,32,27,32,52,104,31,77,125,12,5,18,18,105,31,17,48,24,24,3,28,100,77,434,131,12,21,23,42,24,28,30,54,4,11,11,17,100,48,13,70,17,11,5,13,92,89,541,90,11,9,17,27,43,39,43,58,5,5,9,9,118,89,23,160,155,42,7,250,347,183,348,209,34,19,17,47,46,50,26,70,15,12,23,39
51,PD41851d_lo0092,86,45,2,50,33,15,2,19,101,55,591,68,31,17,24,51,58,39,54,81,12,6,8,12,52,28,9,30,7,11,1,22,54,68,302,89,14,21,14,34,15,32,26,25,6,5,7,9,76,31,6,38,8,8,3,11,61,84,392,67,7,8,10,12,46,22,23,36,7,2,7,9,80,61,11,101,72,17,8,111,138,101,232,101,23,14,20,41,23,31,15,30,3,6,19,20
52,PD41851d_lo0042,51,38,12,32,26,9,4,19,82,45,462,67,18,17,18,34,72,25,42,63,4,7,7,8,43,21,8,28,14,12,3,13,57,61,229,79,9,9,11,14,14,22,19,24,7,1,5,12,66,16,11,35,6,8,2,10,45,66,309,65,3,3,6,11,27,14,13,41,3,1,9,4,63,58,8,77,152,43,7,207,254,99,209,123,19,10,5,28,27,18,19,46,3,8,9,16
53,PD41852c_lo0001,55,42,6,47,26,9,2,18,86,57,468,51,26,19,26,28,76,22,32,64,13,12,9,7,52,16,9,35,11,13,1,14,59,66,233,79,10,11,15,20,19,18,25,19,3,3,5,7,59,20,5,35,11,8,0,10,55,47,303,61,8,9,12,13,30,27,23,33,7,5,8,5,27,43,13,74,19,14,4,29,88,70,178,68,16,8,20,25,23,20,21,33,10,4,9,25
54,PD41852c_lo0010,70,27,8,44,17,19,6,14,84,49,558,51,32,16,22,32,56,22,48,58,6,6,7,10,47,22,5,37,11,13,3,21,60,55,308,84,15,10,17,31,20,30,27,23,10,3,5,11,93,26,11,39,12,6,0,10,52,71,348,68,5,8,9,8,27,25,31,40,6,1,12,5,59,50,13,79,47,18,2,59,93,93,224,82,22,17,7,21,25,29,20,34,8,6,16,21
55,PD41852c_lo0011,52,30,11,37,27,12,2,18,78,58,512,56,22,21,26,22,65,11,40,62,10,5,11,12,46,18,2,26,7,12,4,23,62,53,262,77,10,6,8,17,21,23,28,17,4,3,9,10,82,20,14,39,8,9,0,19,52,55,305,59,4,12,14,6,27,25,26,38,6,5,7,5,58,48,2,54,49,19,2,55,108,78,230,86,19,10,8,21,28,20,21,29,7,7,8,18
56,PD41852c_lo0009,86,38,10,28,31,12,3,21,84,51,544,54,19,20,19,31,66,31,45,55,12,2,13,13,36,24,5,24,10,12,1,13,52,55,285,66,9,14,19,30,19,23,23,27,4,7,7,12,56,25,4,29,7,4,1,14,44,63,380,59,4,10,8,17,31,17,18,34,4,1,10,6,40,43,15,82,55,20,3,82,119,62,197,84,26,8,13,32,22,22,20,32,11,8,11,28
57,PD41852c_lo0002,61,29,6,27,32,12,5,19,67,52,522,66,19,15,20,22,56,29,26,67,11,2,8,7,40,21,3,23,4,7,2,14,50,53,221,80,11,13,18,11,15,17,19,23,4,3,13,10,52,33,4,27,3,7,2,9,58,50,333,60,9,6,6,13,30,22,19,30,3,1,4,2,36,31,7,59,20,8,1,32,64,62,203,77,16,5,2,25,21,20,12,31,6,7,14,17
58,PD41852c_lo0003,57,31,9,35,26,8,4,19,80,56,558,47,22,22,26,25,62,21,45,39,8,5,4,2,48,18,7,20,8,10,3,11,55,57,273,56,17,14,18,23,19,22,21,27,5,11,2,10,49,16,12,19,7,8,2,6,51,61,317,55,6,6,9,6,32,12,17,39,5,5,7,7,42,38,9,57,40,18,4,66,112,62,188,74,24,4,10,27,32,21,14,36,5,6,10,17
59,PD41852c_lo0004,63,40,6,27,15,6,2,18,81,33,540,49,18,20,17,31,48,16,41,65,5,2,8,6,33,20,5,28,10,11,3,13,55,61,262,55,12,11,16,26,18,21,15,22,4,10,6,11,42,19,6,29,7,5,1,8,49,62,362,57,7,7,9,7,28,17,18,34,3,3,4,8,40,48,10,55,34,15,3,43,89,72,236,81,28,11,5,21,19,15,18,31,5,5,4,18
60,PD41852c_lo0005,73,24,5,43,26,9,2,14,78,41,546,59,22,14,26,31,57,23,44,64,4,6,9,4,45,22,5,30,9,4,0,14,52,54,294,50,8,9,15,25,25,23,18,18,5,5,6,8,46,22,7,42,6,8,1,11,59,72,321,64,7,5,12,8,26,27,18,23,2,4,5,3,52,42,8,68,14,9,3,24,56,62,212,59,22,10,11,36,21,18,13,43,9,8,5,21
61,PD41852c_lo0015,53,25,7,26,38,11,2,9,78,34,553,55,25,12,22,37,68,26,38,82,12,7,8,12,37,28,3,29,7,11,0,14,50,56,272,86,8,13,16,14,20,14,24,21,4,8,13,12,59,17,1,29,8,9,1,6,52,64,357,54,8,4,9,11,30,18,31,33,1,3,4,6,49,40,10,87,49,21,4,63,99,73,223,71,23,10,10,36,31,21,19,25,7,7,11,21
62,PD41852c_lo0016,53,40,4,36,23,10,5,24,74,45,663,66,21,18,23,44,73,38,38,70,7,3,11,26,56,28,6,39,9,8,4,16,51,71,333,66,17,6,7,27,14,28,27,20,3,5,7,14,63,37,11,45,11,6,0,8,60,74,437,42,4,6,7,9,27,28,22,39,0,2,10,4,60,37,14,65,25,12,2,61,127,84,241,99,25,5,9,28,30,17,20,39,9,7,11,23
63,PD41852c_lo0017,68,36,3,37,25,11,3,21,87,51,587,57,24,17,16,34,71,30,41,63,10,2,12,11,45,19,1,26,10,8,2,12,73,53,306,54,11,11,14,26,20,19,32,27,3,5,9,7,59,31,13,37,5,6,1,6,52,52,368,72,11,5,12,10,35,27,17,40,5,3,4,6,57,32,5,74,41,11,4,36,74,73,226,81,32,11,8,33,23,24,19,35,5,3,8,15
64,PD41853c_lo0012,45,40,6,19,23,12,8,20,74,44,595,61,16,16,13,32,69,22,37,53,9,8,4,13,33,21,2,22,10,8,1,10,56,66,271,86,3,6,12,12,20,24,15,21,4,4,4,6,42,14,14,30,11,4,0,6,56,62,362,59,6,3,9,9,17,18,16,33,1,2,7,2,37,33,4,51,8,8,3,17,52,68,217,67,26,6,8,18,30,24,22,32,7,5,7,9
65,PD41853c_lo0013,53,37,5,20,27,9,8,19,85,39,631,60,13,17,17,31,73,19,41,58,7,7,5,16,36,22,2,24,9,9,1,9,68,72,289,82,3,7,15,12,23,22,16,23,2,4,6,8,42,16,16,31,9,7,0,10,54,57,415,64,2,1,10,11,14,21,19,28,1,2,10,3,46,37,5,59,8,6,5,19,61,73,248,69,26,6,5,23,36,28,20,31,7,6,8,9
66,PD41853c_lo0021,38,33,5,21,22,6,1,17,47,47,465,71,14,14,14,36,78,17,28,52,7,3,9,11,29,16,2,22,5,3,2,6,53,54,201,70,8,11,11,12,19,23,16,18,6,6,8,11,31,19,3,21,8,5,0,6,42,48,298,50,10,6,9,9,21,22,28,35,1,1,1,5,33,35,7,37,30,12,1,43,114,65,195,77,22,8,5,22,22,24,12,30,6,6,7,14
67,PD41853c_lo0019,47,27,3,26,15,7,4,12,58,45,494,45,8,11,13,19,44,15,36,61,12,3,14,11,18,9,3,18,4,9,3,13,56,61,231,84,2,10,7,12,27,18,21,16,3,5,9,7,32,14,5,18,9,7,1,7,33,51,307,73,10,4,6,7,17,21,16,23,7,3,7,5,33,22,4,44,13,15,1,19,50,58,169,64,18,5,10,15,18,28,18,28,6,7,8,20
68,PD41853c_lo0039,47,39,4,21,16,7,1,13,54,41,505,51,26,13,10,20,36,28,41,57,7,6,7,10,37,16,1,16,10,12,5,12,57,65,252,69,10,9,10,20,16,17,14,23,5,4,6,6,45,20,9,24,6,2,2,10,42,48,269,58,2,3,8,15,28,19,17,29,6,1,6,3,25,30,8,32,21,9,0,27,72,61,190,68,14,7,8,14,27,21,18,29,2,5,6,16
69,PD41853c_lo0022,43,37,2,23,19,6,2,20,85,40,679,62,21,7,19,23,57,18,37,57,9,2,8,15,42,23,1,28,8,3,5,14,49,67,328,72,5,12,12,16,12,23,34,23,3,4,5,7,48,20,5,36,5,4,2,5,53,60,413,42,3,5,4,18,39,25,20,30,7,2,7,2,46,40,15,60,12,9,1,16,64,68,247,64,18,6,9,22,18,23,21,39,11,6,7,9
70,PD41853c_lo0023,43,29,5,41,21,6,2,13,74,35,581,65,10,16,19,28,48,26,45,75,2,4,5,10,40,27,3,25,10,9,2,11,55,54,298,73,9,9,13,20,26,21,19,28,8,4,7,11,40,20,6,23,7,8,2,9,52,60,340,42,5,7,12,9,29,27,18,20,3,4,8,5,60,45,10,58,83,20,1,144,188,83,226,115,12,6,6,21,26,27,20,35,11,9,10,23
71,PD41853c_lo0020,47,34,7,29,25,11,4,19,63,32,504,48,24,8,19,34,57,17,29,55,2,3,7,7,26,18,5,22,8,5,3,12,48,41,221,83,8,10,4,12,17,29,23,29,3,5,6,10,44,19,8,19,5,6,1,7,40,52,378,46,9,0,7,7,26,21,19,27,1,3,3,3,27,41,7,40,18,13,1,26,80,45,204,81,20,5,6,14,28,19,11,34,8,7,10,17
72,PD41853c_lo0033,50,42,5,21,13,8,1,20,67,43,376,51,12,19,14,19,43,14,40,52,7,3,3,15,38,11,1,14,4,10,1,12,49,51,185,72,4,6,11,9,14,22,17,13,5,6,10,3,34,15,8,18,13,9,3,6,37,55,256,65,5,4,4,11,31,24,21,22,2,5,5,9,36,21,5,35,16,9,2,32,88,61,154,53,8,3,11,13,18,14,18,20,6,4,9,16
73,PD41853c_lo0034,47,29,6,24,22,10,0,15,69,45,442,73,16,10,11,29,47,22,50,64,8,4,8,7,25,18,4,33,7,4,0,11,57,54,224,79,9,11,13,11,16,17,22,21,5,5,5,6,28,20,3,19,6,9,1,3,48,47,264,40,6,4,8,10,22,14,19,18,1,2,5,1,32,26,4,44,10,8,1,21,39,65,158,62,16,4,9,15,22,19,9,30,5,7,8,19
74,PD41853c_lo0038,42,34,9,22,27,5,0,18,81,35,531,60,20,13,14,17,64,16,40,47,7,7,7,15,38,18,3,20,10,8,1,13,37,43,253,71,10,7,8,13,19,20,20,24,6,8,5,8,31,17,5,16,5,8,1,4,33,59,315,46,7,4,8,9,22,12,22,29,4,5,5,4,41,25,9,38,21,11,2,34,88,68,211,67,8,7,7,27,28,18,20,27,7,6,9,16
75,PD42833b_lo0016,45,27,4,24,16,4,4,14,55,16,383,47,9,7,10,24,35,20,25,44,8,3,10,5,26,21,3,25,6,7,4,8,39,42,167,54,11,11,10,9,15,19,16,22,5,7,5,9,76,6,3,34,10,7,2,6,33,29,223,38,3,1,4,8,28,16,13,22,2,4,3,5,53,31,3,93,11,7,2,15,47,34,179,43,27,2,6,17,18,18,6,31,8,3,10,17
76,PD42833b_lo0022,33,21,7,20,12,4,2,8,51,25,325,41,8,13,8,19,33,15,22,39,1,7,7,8,39,16,9,20,3,6,4,7,40,45,161,31,8,7,13,8,12,17,14,13,4,3,11,15,55,16,9,49,2,5,2,6,32,36,211,48,5,2,5,6,22,13,8,17,0,0,4,6,47,24,7,75,12,2,0,16,42,56,127,40,15,7,7,14,13,16,11,26,10,5,9,13
77,PD42833b_lo0020,61,23,2,21,7,6,2,18,75,50,407,53,17,9,7,20,40,17,32,45,6,1,6,10,35,20,7,30,5,11,1,14,55,45,207,56,7,12,11,12,13,17,18,29,2,5,6,12,69,17,11,46,4,5,1,5,41,49,282,53,5,6,5,9,22,11,14,17,4,1,7,4,60,27,12,79,7,9,1,19,59,49,133,64,21,4,5,20,20,17,28,23,8,10,10,15
78,PD42833b_lo0021,32,8,1,13,2,0,1,6,40,14,214,26,10,5,7,11,22,5,13,29,1,1,1,3,18,14,4,11,3,4,2,8,35,20,114,24,1,7,3,7,7,8,5,22,2,3,3,7,25,18,7,25,1,1,0,2,12,23,150,30,2,1,1,7,10,7,7,14,5,0,4,4,25,20,8,34,8,6,0,5,36,34,75,49,7,2,3,5,4,11,10,6,4,3,10,8
79,PD42833b_lo0024,28,9,1,17,3,0,1,7,38,15,239,25,9,4,7,11,22,6,15,29,2,1,1,4,21,13,6,18,4,6,2,8,32,25,114,27,1,7,3,6,8,6,6,20,1,3,1,7,27,20,6,26,1,1,0,1,14,19,157,32,5,1,1,6,12,6,8,18,4,0,4,4,25,19,7,42,7,7,0,7,26,31,70,50,6,2,3,7,5,14,9,9,5,3,10,6
80,PD42833b_lo0023,17,5,1,8,1,0,1,3,27,10,154,14,8,2,6,6,13,3,10,17,0,0,0,3,12,11,3,7,3,2,2,5,23,14,69,16,1,6,3,4,4,6,3,13,0,2,1,6,18,11,5,19,0,0,0,1,9,16,111,19,1,1,0,4,7,2,4,6,2,0,4,4,16,15,5,20,3,5,0,5,14,17,51,35,5,1,3,4,2,9,7,2,3,2,5,3
81,PD42834b_lo0018,59,28,3,27,19,11,0,11,71,29,363,46,22,14,8,36,38,26,48,40,9,5,4,7,36,13,6,33,9,8,0,12,40,39,204,38,11,17,12,11,16,10,25,24,3,3,5,5,73,25,6,33,5,8,0,5,26,39,238,43,7,4,5,4,15,22,21,20,3,1,5,4,60,49,11,91,8,7,2,17,56,66,133,45,17,9,4,12,27,18,17,25,12,6,8,14
82,PD42834b_lo0020,35,27,7,22,16,7,4,14,72,35,322,45,17,15,21,26,55,28,42,55,6,7,6,10,32,21,5,27,7,5,6,11,49,47,185,53,10,7,15,17,17,12,29,26,3,6,8,8,58,18,7,30,4,6,5,5,37,38,211,37,5,5,3,11,24,26,24,29,2,1,2,4,47,41,11,60,16,10,3,19,47,41,118,50,13,6,10,15,20,11,18,32,6,6,9,25
83,PD42834b_lo0021,54,26,7,29,14,5,1,17,48,39,359,44,11,12,11,27,53,19,31,45,7,2,7,11,35,21,7,24,8,8,1,7,40,48,170,31,10,6,12,22,21,12,20,18,3,4,11,5,65,17,15,44,8,7,1,4,32,46,232,33,2,1,3,3,21,21,13,29,3,4,3,6,46,38,11,82,14,9,1,13,41,43,145,46,16,5,9,14,15,17,13,26,5,5,10,13
84,PD42834b_lo0022,39,25,6,24,13,10,4,9,67,39,365,47,16,10,19,32,54,28,37,51,10,4,14,9,40,15,7,28,12,12,2,13,37,42,196,61,21,14,26,21,23,23,34,15,5,4,8,10,67,22,8,32,9,8,2,7,43,26,222,41,6,4,11,7,33,12,16,33,5,1,6,3,59,31,9,90,12,15,0,24,54,51,126,39,24,14,16,29,27,7,26,28,3,6,4,21
85,PD42834b_lo0023,53,29,8,22,8,9,2,6,74,39,363,38,14,14,14,29,44,20,28,51,9,2,5,12,40,23,1,31,15,8,6,17,30,62,181,39,10,11,9,18,14,16,30,15,6,7,4,7,68,29,5,52,9,4,1,4,46,43,223,26,3,4,2,11,25,18,10,31,2,5,4,2,48,53,5,97,13,6,0,41,73,55,158,65,19,10,8,15,26,16,17,28,7,1,6,19
86,PD42834b_lo0024,43,31,7,36,15,14,2,7,54,41,304,42,11,11,6,20,44,20,30,45,6,5,6,8,36,23,8,35,9,7,3,10,33,52,153,36,9,10,15,12,13,21,24,23,2,10,8,8,65,26,7,33,9,3,1,8,45,48,211,34,5,4,4,10,14,22,24,19,3,2,4,4,56,39,12,77,18,14,1,32,59,52,131,57,19,6,6,17,22,5,9,25,5,5,7,19
87,PD42834b_lo0019,48,32,2,26,24,10,3,9,50,35,326,40,19,10,14,20,54,27,38,55,7,8,20,13,33,19,2,21,4,9,1,8,44,39,171,44,8,10,17,11,13,21,24,24,4,6,3,6,53,23,5,29,5,3,2,4,36,42,196,46,4,4,11,11,19,27,12,31,2,2,7,4,43,32,11,56,13,8,4,23,63,49,133,53,16,4,6,11,22,25,13,27,11,8,8,15
88,PD42835b_lo0015,52,23,9,20,15,7,4,18,55,30,353,30,17,11,14,16,39,18,25,50,11,2,6,15,31,15,3,25,9,5,0,12,36,35,181,55,1,10,11,10,10,10,13,18,4,7,6,24,38,18,10,33,7,9,0,8,42,46,227,41,8,2,2,5,22,17,14,23,2,5,5,6,46,25,7,51,42,14,6,56,67,56,115,57,21,8,3,19,25,18,18,21,7,3,5,17
89,PD42835b_lo0016,55,18,1,18,14,10,2,11,53,39,389,48,23,12,10,23,51,14,30,51,10,7,6,14,23,12,3,16,7,8,2,6,47,58,190,56,8,8,12,16,18,15,24,20,4,5,9,23,51,24,11,23,6,8,0,3,39,45,227,49,9,5,4,8,22,12,15,26,10,2,4,8,42,41,2,61,25,17,1,37,68,64,126,53,16,8,7,16,16,13,10,40,12,9,8,24
90,PD42835b_lo0017,41,22,4,13,13,9,2,18,45,38,306,31,14,9,14,16,41,9,31,66,7,1,8,14,32,11,8,14,6,9,5,7,31,51,151,53,7,11,11,9,8,18,16,19,3,15,8,48,38,17,4,28,2,10,0,3,30,52,203,49,8,4,7,2,27,22,13,35,3,4,3,7,29,20,6,44,9,14,1,26,43,35,109,32,14,2,8,24,25,13,7,31,8,9,5,13
91,PD42835b_lo0028,41,17,7,24,17,3,1,13,56,40,315,43,16,8,13,17,61,25,30,50,5,5,4,9,27,12,6,25,7,8,4,14,47,44,171,57,6,15,13,16,17,19,11,26,3,8,7,31,39,18,7,24,4,3,3,5,36,47,191,29,4,6,9,12,32,24,15,31,7,1,4,5,30,29,10,41,13,10,3,32,41,49,111,36,21,4,3,13,25,14,13,30,8,2,8,18
92,PD42835b_lo0031,40,29,10,20,11,3,2,11,60,28,288,36,11,12,12,15,50,11,28,50,7,2,8,7,29,14,5,15,6,8,1,10,28,44,138,52,10,9,13,11,10,20,21,19,4,6,6,9,39,20,8,23,3,4,2,7,31,42,168,36,6,7,6,6,17,15,16,23,3,2,3,5,26,14,9,28,12,12,2,30,50,52,99,39,17,7,4,19,19,11,16,19,6,5,5,8
93,PD42835b_lo0034,39,23,8,24,15,4,4,13,54,30,389,39,6,19,8,16,47,14,27,42,5,1,10,10,26,16,5,20,11,6,1,11,32,42,190,39,5,5,7,11,17,16,14,14,4,8,7,7,38,17,5,25,4,2,2,6,32,39,232,35,10,7,3,7,22,12,21,18,5,3,5,4,47,37,6,44,21,18,4,31,43,46,147,64,13,5,6,13,17,21,15,42,3,4,6,21
94,PD42835b_lo0033,42,19,5,20,14,7,5,16,47,27,290,46,15,16,15,21,46,14,40,59,6,4,2,8,32,16,6,20,7,9,1,10,35,41,158,39,8,9,11,14,21,18,19,21,5,10,7,12,44,15,9,26,9,5,1,7,42,52,171,34,5,4,3,4,17,9,22,28,7,4,2,6,37,23,3,26,8,16,0,39,57,52,102,45,13,4,9,24,27,18,17,45,10,3,11,31
95,PD42835b_lo0029,39,23,4,27,16,9,3,11,58,35,273,38,16,18,12,21,50,22,39,65,6,5,7,8,30,15,3,23,6,6,3,8,30,53,138,52,13,11,17,9,12,10,24,20,4,11,5,19,29,14,14,26,10,6,0,10,31,49,184,41,6,4,6,10,21,16,18,17,2,3,4,9,25,31,9,30,18,9,1,22,47,49,110,47,23,6,6,16,24,21,21,34,7,8,8,27
96,PD42835b_lo0030,35,27,11,25,21,9,2,10,57,39,300,45,16,14,11,12,61,30,43,64,4,7,11,15,37,23,8,18,8,5,3,15,51,48,174,41,10,7,7,15,19,18,14,28,5,12,7,19,47,15,13,25,6,5,1,10,33,53,194,38,1,8,8,7,27,13,18,31,5,4,6,6,31,38,12,35,22,23,1,33,54,57,144,51,15,2,10,18,25,19,23,36,6,11,4,20
97,PD43400e_lo0009,54,27,4,34,29,10,5,15,66,57,566,47,23,15,20,31,65,25,34,50,11,7,8,8,35,12,4,19,10,7,4,17,52,56,258,74,13,11,11,12,17,21,21,21,4,8,7,14,36,22,5,29,9,9,1,8,47,53,373,46,8,3,7,11,35,15,24,34,2,8,8,4,35,47,11,54,17,7,1,24,59,61,184,60,20,4,7,29,40,23,16,44,10,7,4,21
98,PD43400e_lo0010,52,32,7,39,27,11,3,13,71,42,527,61,14,20,11,34,63,31,30,51,10,7,5,10,27,17,6,18,10,9,5,14,49,58,235,79,14,10,5,13,21,27,18,20,7,5,10,12,42,22,7,33,12,8,0,7,56,50,342,39,2,5,4,8,33,14,19,36,3,6,7,6,37,43,15,61,17,7,2,25,72,72,193,53,31,4,10,28,36,24,16,35,14,5,10,22
99,PD43400e_lo0011,82,32,8,32,26,12,3,18,80,46,719,71,23,24,11,43,79,34,54,64,8,8,8,10,37,24,3,26,10,6,2,15,73,48,341,65,15,18,10,21,26,19,35,28,8,12,10,23,69,35,9,50,9,14,6,11,56,68,483,68,13,5,9,7,31,21,27,44,6,4,2,9,68,67,16,104,38,11,4,38,95,77,270,88,26,13,6,36,33,30,17,28,17,8,11,23
100,PD43400e_lo0012,71,35,7,40,22,11,4,19,72,55,758,82,18,20,14,45,67,18,53,55,12,8,6,10,47,26,9,34,8,11,3,14,77,48,339,84,11,13,10,24,17,17,26,31,6,15,13,16,69,35,13,42,7,11,4,10,56,67,432,61,10,7,5,12,38,20,21,53,5,3,6,6,58,60,17,91,26,17,2,36,74,69,261,79,37,13,6,37,34,31,20,31,14,10,13,31
101,PD43400e_lo0013,42,38,11,20,15,11,5,18,80,27,562,66,15,13,17,34,71,23,35,52,14,4,9,6,32,28,6,17,10,9,2,14,54,57,258,59,10,17,10,19,29,10,12,31,3,7,10,15,46,20,2,35,4,10,5,11,54,63,342,53,8,5,8,8,39,20,21,46,4,3,8,7,54,41,11,47,17,21,2,32,44,73,189,62,25,10,6,30,27,20,22,42,16,9,3,18
102,PD43401e_lo0009,34,20,3,17,20,4,1,11,74,25,243,29,14,10,9,12,31,22,32,38,2,5,6,3,18,12,4,13,8,7,3,9,31,35,104,49,4,9,13,9,14,11,20,17,5,7,2,5,28,14,5,12,12,5,2,4,28,39,158,34,5,5,4,3,14,9,10,19,3,3,4,1,31,23,6,35,45,18,2,67,78,48,88,46,17,4,5,9,16,16,12,13,3,4,10,14
103,PD43401e_lo0010,36,24,3,19,19,2,1,11,52,23,251,29,15,6,12,11,37,16,26,38,3,4,5,4,19,8,4,12,7,7,4,5,34,31,96,48,5,7,9,10,13,9,12,17,4,3,4,3,29,7,4,13,8,6,0,1,32,35,160,29,4,6,3,6,14,10,12,15,2,0,5,3,18,21,10,24,6,8,0,17,31,44,74,31,18,2,5,12,14,11,11,16,5,5,8,10
104,PD43401e_lo0011,34,20,5,17,21,8,1,14,56,27,238,34,14,12,8,12,34,12,29,40,0,8,9,8,20,12,5,12,7,5,1,10,47,29,120,49,7,3,9,13,12,8,11,14,1,2,2,6,28,15,5,8,3,6,0,4,26,48,148,32,8,4,3,7,20,11,11,16,0,2,3,1,24,17,9,23,9,5,1,18,33,38,95,38,11,5,6,13,14,15,8,22,3,4,11,9
105,PD43401e_lo0012,30,16,3,20,24,12,1,18,49,38,209,33,15,7,16,18,48,13,27,42,4,7,4,4,24,12,5,13,7,4,0,11,33,56,100,59,5,10,11,4,15,14,13,13,2,5,7,6,27,6,3,11,7,8,1,6,35,55,152,43,5,3,4,3,23,8,7,19,4,3,4,2,11,21,8,28,7,8,1,16,29,41,80,42,13,8,6,5,18,13,7,25,9,8,8,8
106,PD43401e_lo0013,34,20,1,15,9,5,1,4,55,35,235,48,15,9,10,9,29,18,24,48,1,4,3,7,26,15,1,13,6,3,2,2,47,37,97,56,10,9,6,6,8,11,15,13,4,4,5,7,17,8,5,16,11,5,3,8,30,46,134,29,3,3,6,7,18,12,14,23,4,2,4,3,29,15,5,25,4,10,2,18,37,42,86,34,15,6,3,7,8,16,9,8,8,5,4,17
107,PD43402c_lo0025,38,30,6,17,15,6,4,13,55,47,378,43,8,14,14,15,41,20,38,45,6,3,7,9,18,18,4,11,7,8,3,16,40,43,166,51,5,11,8,12,15,13,17,19,3,6,6,5,36,16,7,25,11,7,2,4,42,33,243,31,8,7,6,8,24,19,8,23,2,7,2,4,30,29,7,32,12,6,2,31,47,40,98,33,14,7,8,15,25,13,16,26,8,5,8,12
108,PD43402c_lo0026,51,27,5,22,12,8,2,11,56,36,459,41,12,8,11,19,59,20,34,54,3,0,6,8,25,17,7,22,6,7,3,17,43,51,252,56,9,12,11,10,13,20,16,24,4,5,2,7,42,23,7,33,5,5,5,5,44,46,300,37,1,7,2,5,22,13,23,25,1,2,5,8,36,45,8,59,12,7,1,20,62,78,231,58,16,12,4,24,24,15,22,29,3,6,8,11
109,PD43402c_lo0027,52,28,8,23,17,2,0,17,64,32,406,47,11,10,10,18,54,13,32,48,1,2,3,3,29,18,2,13,8,6,5,17,40,49,219,39,6,5,13,21,17,23,19,19,1,4,4,6,39,17,3,30,6,6,2,4,47,34,263,31,1,4,5,6,22,15,19,20,1,3,4,8,44,36,2,62,21,7,1,18,55,49,191,48,17,7,4,16,19,11,17,26,4,3,5,14
110,PD43402c_lo0028,66,45,9,30,26,6,3,25,88,52,580,65,21,14,14,33,67,22,59,77,6,2,7,5,40,22,3,17,10,7,4,21,62,67,295,63,12,11,23,20,22,28,22,24,2,6,8,12,68,30,5,40,6,8,2,10,58,56,368,56,4,6,9,11,31,25,33,33,2,2,5,9,55,62,5,82,33,11,2,47,99,80,239,91,27,16,6,22,32,18,21,36,6,6,12,23
111,PD43402c_lo0029,46,21,3,32,21,7,2,12,58,30,344,43,15,10,20,27,53,26,39,55,4,2,7,3,31,16,4,22,8,6,1,14,41,51,173,46,6,13,11,14,22,16,17,21,6,5,6,9,33,21,6,16,6,8,1,3,42,43,235,41,3,3,9,6,26,13,19,31,3,3,2,2,28,23,9,44,14,11,1,28,53,53,143,46,14,4,5,14,32,16,15,26,4,4,6,9
112,PD43402d_lo0001,61,17,9,23,16,5,2,18,61,37,429,35,15,5,11,34,47,19,30,47,4,6,6,14,26,14,6,20,8,11,2,16,56,57,180,48,11,9,12,17,21,15,13,14,6,5,8,5,34,14,3,28,5,7,1,16,42,66,277,39,4,4,3,13,30,29,17,28,4,1,0,9,48,38,13,57,89,27,5,120,126,55,165,87,20,7,3,13,19,20,12,20,8,7,12,15
113,PD43402d_lo0002,43,36,11,27,19,7,5,18,55,41,448,50,9,11,14,33,58,21,45,51,5,5,6,11,33,18,10,23,9,12,2,14,57,39,214,48,5,13,13,9,14,18,14,19,6,7,11,7,61,19,9,32,7,3,2,16,56,55,287,38,7,9,7,11,24,22,24,40,6,4,1,7,49,44,12,70,83,21,4,101,127,74,179,74,18,9,5,13,28,15,12,34,12,6,6,14
114,PD43402d_lo0003,50,30,13,35,15,8,2,12,68,40,428,53,12,16,17,24,37,18,40,58,5,3,6,7,26,18,5,22,5,7,6,9,41,44,220,47,8,7,14,16,16,13,17,19,3,6,3,7,54,21,5,27,7,3,2,12,42,49,280,35,8,5,8,8,26,17,24,30,4,1,3,4,49,26,10,62,16,5,3,27,69,72,159,62,29,6,9,23,27,25,20,25,9,4,8,20
115,PD43402d_lo0004,30,17,6,15,16,7,0,10,69,37,307,44,19,8,9,21,51,18,32,48,4,1,11,6,28,15,0,12,7,6,2,14,37,34,167,41,10,14,5,11,13,12,8,13,4,4,7,11,14,10,8,16,4,6,1,11,32,46,187,47,7,3,6,2,16,14,15,21,4,3,6,1,30,15,6,49,14,9,1,18,42,40,128,42,20,6,7,16,17,14,13,22,9,5,9,17
116,PD43402d_lo0005,36,22,6,10,14,4,0,12,57,38,283,50,14,11,12,18,39,16,31,46,4,1,10,7,25,13,5,15,8,8,5,6,37,39,137,55,5,7,8,10,16,15,13,19,6,4,8,8,22,8,3,24,2,4,1,6,30,39,165,34,6,7,6,6,23,15,10,20,6,3,1,2,32,17,12,40,14,2,4,21,36,37,115,38,19,4,3,12,22,12,12,23,7,2,5,17
117,PD43402d_lo0006,37,22,12,16,21,7,3,15,77,43,358,45,16,15,15,18,47,15,38,36,4,0,7,12,22,13,3,16,5,3,2,10,39,44,157,40,8,8,9,9,18,14,13,14,3,8,8,9,24,20,5,14,2,6,3,11,43,45,191,42,7,5,6,9,24,18,16,24,5,4,8,2,31,19,8,39,12,9,1,14,38,35,116,41,18,5,6,17,22,11,16,26,7,5,5,15
118,PD43402d_lo0007,38,24,9,14,19,5,1,20,67,43,381,44,20,7,14,22,41,20,36,35,6,0,6,13,30,16,4,21,3,4,2,10,34,54,164,48,10,7,7,7,20,14,14,18,2,8,4,8,32,14,5,11,4,7,1,9,39,55,221,35,7,3,6,8,23,24,20,22,4,3,6,3,32,12,8,47,16,9,1,17,36,46,131,40,20,4,2,17,26,13,17,27,8,5,4,20
119,PD43403e_lo0004,41,34,10,27,17,5,0,11,86,42,596,56,23,15,13,40,70,35,27,43,7,2,8,11,26,21,6,22,11,4,0,13,50,59,265,59,12,9,15,16,11,19,22,23,5,9,8,12,52,30,6,32,12,4,5,8,61,59,390,50,9,4,9,10,26,22,23,34,4,4,3,7,35,56,8,76,14,16,1,24,62,63,212,57,23,12,4,31,12,24,14,34,8,5,9,26
120,PD43403e_lo0005,46,32,8,28,19,4,1,5,81,46,594,55,20,16,16,44,75,35,28,47,8,2,8,13,27,19,5,23,10,3,0,13,54,53,276,55,14,9,16,11,11,18,21,23,4,8,6,9,55,29,6,31,14,4,3,7,51,57,386,49,9,6,8,10,27,22,23,31,2,4,2,6,37,53,10,79,14,14,1,23,59,57,217,61,24,11,5,30,16,29,16,28,8,7,9,19
121,PD43403e_lo0006,54,41,7,29,22,11,2,12,79,43,622,57,24,18,16,43,81,29,31,51,9,1,4,12,28,25,6,21,16,3,2,13,52,56,296,58,12,9,20,14,16,17,16,22,2,7,9,9,55,31,8,39,11,2,4,9,55,59,400,56,11,3,10,10,30,22,28,37,4,3,4,5,51,66,12,87,48,20,2,58,93,72,246,75,26,17,7,32,16,27,17,26,7,5,10,24
122,PD43403e_lo0007,54,41,4,39,14,10,3,18,75,51,728,50,18,23,23,41,61,19,53,60,6,3,4,11,30,34,7,32,10,10,1,8,54,57,320,63,6,17,17,14,17,19,18,24,3,8,8,13,54,17,10,39,7,3,2,7,56,63,442,68,5,7,6,8,39,26,22,38,3,1,3,9,66,51,8,86,15,15,3,19,71,78,231,67,28,13,13,27,42,23,26,32,6,9,5,24
123,PD43403e_lo0008,56,34,6,41,13,10,4,11,67,52,720,51,20,20,24,47,62,30,43,60,9,6,7,7,35,34,8,33,7,7,2,6,55,51,342,62,8,17,16,15,21,18,19,19,3,6,10,11,50,25,10,29,3,6,2,8,55,70,424,71,6,2,5,7,32,25,19,33,6,1,1,8,64,61,12,86,15,15,4,26,69,89,230,67,29,15,12,23,40,23,22,44,8,9,8,24
124,PD43850h_P50_DNM_A2,24,17,2,23,6,9,2,6,52,31,323,45,16,4,9,13,36,15,28,38,7,3,4,8,23,13,5,19,4,4,1,10,32,29,135,49,8,3,7,9,17,12,10,17,2,3,6,5,32,15,6,17,7,1,1,4,32,38,213,24,7,4,7,7,20,5,12,20,0,2,1,4,29,30,5,46,9,11,0,13,38,34,124,37,14,10,4,10,19,18,13,23,3,3,4,17
125,PD43850h_P50_DNM_C2,30,14,1,25,10,5,3,5,38,12,252,26,18,7,5,18,27,11,9,38,5,1,2,4,17,15,4,11,1,11,3,6,30,21,119,32,3,9,7,10,13,11,9,10,0,1,2,6,34,11,5,8,8,3,1,7,30,24,177,27,2,2,5,3,15,6,13,12,1,3,3,7,27,23,9,53,9,8,3,26,32,34,101,38,23,5,0,14,12,12,7,16,6,5,5,9
126,PD43850l_P50_ILM_E4,49,19,6,29,14,11,2,10,54,30,345,40,12,7,17,16,44,12,33,35,7,5,5,13,30,23,6,16,4,11,1,7,49,53,185,52,5,12,8,9,11,16,15,17,0,5,5,10,36,20,8,25,7,5,1,8,37,36,240,30,9,4,3,1,27,14,13,18,5,3,6,4,41,25,4,42,4,8,0,20,44,49,135,25,8,2,11,18,27,16,9,18,6,3,7,9
127,PD43850l_P50_ILM_F4,57,15,10,20,16,5,0,13,41,35,331,27,13,8,12,21,39,11,39,32,7,1,6,5,27,12,5,13,5,10,1,7,42,35,139,42,6,5,8,7,13,10,12,17,1,5,6,0,32,7,7,18,3,2,1,9,28,49,212,31,4,2,7,8,8,18,10,27,4,1,6,3,34,16,5,43,12,7,0,12,33,38,133,37,14,5,5,15,19,22,7,18,5,4,8,15
128,PD43850l_P50_ILM_G4,34,21,6,19,17,5,2,17,50,28,344,37,13,10,6,22,41,14,40,45,5,4,6,7,38,19,4,18,8,14,2,9,52,39,174,52,8,8,10,9,13,17,19,14,3,5,3,11,34,13,9,20,6,4,1,8,38,49,200,39,10,6,8,10,18,22,20,23,0,1,2,6,48,25,6,46,30,6,4,42,72,54,126,62,14,9,6,14,18,14,19,23,8,4,4,13
129,PD43850l_P50_ILM_H4,39,25,5,20,12,6,3,5,56,27,304,39,16,11,12,20,50,18,35,39,8,3,6,3,34,12,3,21,9,3,0,11,36,38,150,40,8,5,9,11,9,11,14,14,0,8,7,11,27,16,6,15,6,5,0,7,31,43,233,36,5,3,3,5,19,18,8,30,4,2,4,4,31,15,6,51,6,8,1,23,38,48,108,45,15,11,6,22,10,14,14,12,3,2,3,8
130,PD43850h_P50_DNM_B4,23,27,6,14,7,5,4,8,39,28,275,32,6,8,13,11,50,15,17,33,3,0,4,5,21,6,2,13,3,4,0,6,20,35,113,31,6,8,3,15,11,12,8,11,0,7,5,7,19,15,7,14,3,5,2,4,31,33,134,30,3,0,5,4,21,16,10,18,5,2,2,2,19,14,7,28,9,3,2,8,28,22,92,24,13,3,5,13,11,11,6,14,1,4,11,15
131,PD43850h_P53_DDM_D10,25,17,8,19,4,7,7,12,45,39,313,37,10,7,13,19,58,17,25,43,7,5,6,5,14,8,2,14,3,8,3,12,29,43,145,46,9,8,16,11,15,18,17,18,4,3,12,6,32,13,3,18,2,4,1,5,28,38,186,25,8,2,5,9,17,9,17,20,1,2,1,5,25,20,6,33,7,7,1,11,35,41,121,32,16,4,6,20,17,11,14,30,7,7,10,15
132,PD43850l_P50_ILM_A5,32,14,2,23,17,7,0,10,70,26,337,41,16,10,17,19,50,14,32,28,4,1,6,6,28,16,4,11,4,6,3,8,39,45,169,42,7,8,10,20,10,11,18,11,2,5,3,5,37,10,5,19,5,5,2,2,36,33,205,36,11,0,8,3,16,11,16,15,3,2,5,1,40,35,6,45,14,8,1,24,42,47,130,39,13,6,2,16,14,13,11,15,3,0,3,13
133,PD43850l_P50_ILM_C5,36,14,4,19,11,9,3,5,54,38,328,34,9,9,12,19,39,13,28,33,6,2,5,8,27,15,10,17,5,8,1,10,50,26,151,46,7,11,4,8,11,9,25,12,4,6,7,8,36,10,10,14,5,4,1,8,29,34,212,40,3,6,9,4,20,15,12,21,3,1,4,2,24,20,5,38,6,8,0,17,32,47,127,36,9,5,8,22,22,20,13,23,4,6,10,23
134,PD43850h_P53_DDM_A10,47,28,11,26,17,5,3,11,60,39,390,51,17,6,17,27,51,12,43,59,6,3,9,6,35,7,8,15,7,6,2,16,44,36,205,52,12,7,21,8,12,15,15,16,3,1,5,7,31,17,2,19,8,4,1,8,42,39,263,31,5,5,3,12,26,24,10,33,1,1,3,2,31,35,9,49,11,7,0,22,54,47,148,52,20,10,9,10,27,17,15,37,7,9,9,11
135,PD43850h_P53_DDM_B10,46,28,9,29,10,13,2,9,60,36,364,53,14,10,23,24,43,17,43,42,10,3,12,14,31,24,3,27,8,9,2,9,56,42,198,55,9,12,20,26,13,10,17,21,4,2,6,7,36,18,9,14,4,6,1,7,31,47,262,44,8,7,3,5,32,16,18,25,3,1,3,6,36,37,8,37,13,18,2,32,36,54,164,46,20,5,11,16,25,18,11,30,11,12,15,16
136,PD43850m_P50_JNM_B7,54,35,2,32,14,12,4,17,55,43,436,47,13,17,21,22,51,22,36,56,13,0,9,8,42,15,5,33,12,13,1,11,50,60,209,55,9,8,14,18,14,17,14,19,5,1,4,8,44,22,6,33,11,9,2,13,41,43,293,35,5,7,7,16,27,22,22,17,3,3,6,6,39,37,15,75,59,16,10,107,131,59,182,76,25,7,11,25,23,24,9,30,8,5,11,22
137,PD43850m_P50_JNM_C7,51,29,4,26,25,5,3,17,68,35,383,36,16,8,18,30,59,25,37,46,5,1,7,9,38,15,4,13,16,6,2,6,48,38,194,38,7,11,12,22,10,18,11,24,3,3,9,8,59,20,3,23,14,6,2,10,39,44,218,41,0,7,9,14,22,18,15,18,6,3,4,5,54,32,9,53,63,20,2,85,106,47,142,80,22,7,9,16,28,17,16,20,5,2,5,15
138,PD43850m_P50_JNM_D6,38,21,5,33,26,9,2,16,55,25,342,42,26,10,16,17,52,17,34,57,10,3,11,6,32,17,4,23,8,8,3,12,40,38,162,49,7,8,15,11,19,24,14,18,3,4,5,6,36,21,7,25,9,6,3,3,34,43,236,42,7,3,5,7,28,14,15,24,2,1,5,1,47,21,5,49,31,7,4,34,62,56,143,65,17,6,8,15,22,16,19,29,6,5,7,14
139,PD43850m_P50_JNM_E6,45,26,4,33,16,12,0,12,59,27,434,50,15,14,11,24,58,19,27,50,14,1,2,10,37,14,6,20,12,11,4,12,44,35,220,51,5,18,11,17,14,26,19,19,4,6,10,11,40,17,9,29,5,5,0,3,31,40,261,41,7,4,4,19,32,13,10,36,5,6,0,4,36,31,19,55,18,9,2,25,61,44,181,56,25,7,3,23,33,26,15,25,11,6,14,14
140,PD43850m_P50_JNM_E7,42,24,3,24,19,7,1,3,55,38,299,31,16,10,21,25,47,27,30,50,9,1,3,7,29,14,7,23,10,7,1,12,32,40,164,48,10,4,5,16,14,13,11,17,5,7,5,13,41,18,6,20,12,6,2,6,41,44,213,49,12,4,9,6,23,19,15,23,4,3,10,7,37,28,10,42,26,11,2,30,70,50,122,61,26,5,8,24,28,21,8,23,10,5,12,17
141,PD43850h_P50_DNM_D1,23,22,9,21,16,8,2,21,50,26,371,53,11,13,11,21,48,14,34,43,5,4,8,7,27,16,5,19,15,10,0,12,39,40,148,23,5,9,11,12,19,17,8,24,6,3,7,6,25,22,11,14,5,10,2,7,38,33,197,37,3,4,5,9,22,5,12,23,4,1,7,4,31,19,6,34,17,6,3,27,42,46,107,38,28,7,6,19,18,17,14,24,6,5,7,21
142,PD43850l_P50_ILM_B5,48,14,3,22,17,3,0,10,57,30,294,36,11,15,9,15,45,18,38,40,4,3,7,3,23,6,3,16,2,8,2,2,35,35,146,53,8,7,15,11,11,17,4,22,4,4,1,7,27,12,5,15,6,4,2,7,43,38,176,32,4,5,3,3,11,11,16,16,3,0,7,3,12,19,6,42,5,4,1,20,32,36,108,37,12,1,7,10,22,14,16,15,7,2,6,8
143,PD43850m_P50_JNM_F6,47,30,6,28,14,4,1,14,43,32,362,35,16,10,15,24,64,16,34,49,11,1,9,5,35,18,7,24,7,15,3,19,42,48,161,58,6,11,9,11,18,25,17,14,3,3,5,12,45,13,7,27,4,6,3,4,37,52,250,45,5,4,8,7,18,11,18,28,4,2,7,2,37,32,9,50,17,10,1,20,37,48,124,43,20,10,10,20,21,19,7,33,5,7,10,12
144,PD43851j_P52_DDM_B4,18,19,10,3,5,4,1,12,24,16,31,21,9,23,12,14,25,12,25,19,3,3,3,10,9,8,3,8,3,5,0,8,20,11,14,23,2,8,12,8,5,5,10,10,5,2,4,9,11,8,2,8,3,4,1,3,30,19,28,8,4,5,3,3,27,8,5,14,0,2,5,4,14,19,4,10,10,8,3,17,27,28,13,18,9,11,6,13,9,12,7,13,10,5,7,13
145,PD43851j_P52_DDM_F3,22,15,5,11,11,8,0,17,48,31,390,32,12,7,14,19,48,6,24,31,5,4,7,6,18,8,5,10,5,7,3,5,36,38,176,39,2,5,5,4,11,15,27,13,3,4,3,6,16,14,4,15,8,8,1,5,34,42,232,23,5,3,5,15,12,16,14,22,2,3,2,6,39,24,7,38,8,7,0,15,45,51,132,39,17,5,3,13,19,18,13,31,2,6,7,9
146,PD43851j_P52_DDM_G3,32,19,4,11,6,5,1,12,60,30,372,31,13,10,12,28,30,12,15,38,4,2,5,9,19,13,8,10,5,9,1,10,37,40,177,32,4,6,7,8,12,16,5,19,1,7,3,3,26,17,4,14,3,6,2,3,26,32,222,24,4,1,5,9,24,12,9,34,0,0,3,6,28,37,4,34,6,6,1,14,45,44,142,39,16,7,7,5,21,18,11,23,10,6,7,18
147,PD43851j_P52_DDM_B5,3,5,0,2,1,2,2,2,8,4,12,4,7,1,2,5,9,3,10,12,2,1,0,0,2,1,0,1,1,3,2,2,7,4,5,7,1,0,0,2,2,2,4,3,1,0,1,1,1,2,0,2,0,1,1,1,4,5,8,7,2,0,0,1,4,4,5,2,0,1,1,0,3,4,3,4,0,4,0,3,4,7,8,5,2,4,1,3,3,2,8,9,0,1,0,2
148,PD43851m_P52_ILM_D1,21,17,4,21,14,5,0,6,50,35,276,24,6,13,8,12,42,11,27,34,3,4,6,6,15,13,6,11,7,4,1,5,29,48,149,39,9,6,7,8,14,15,16,18,3,4,2,6,25,15,6,13,2,2,0,5,22,30,148,28,5,4,3,1,15,13,4,24,4,1,3,2,20,14,4,27,5,7,1,17,34,38,101,40,9,3,8,7,9,10,10,22,7,2,4,7
149,PD43851m_P52_ILM_A1,23,13,3,14,7,4,0,5,44,19,282,32,7,8,12,11,26,12,22,23,2,1,3,4,14,6,3,11,3,6,0,7,22,31,124,29,3,4,5,5,9,8,16,4,2,5,3,4,27,10,5,21,2,8,0,6,21,24,128,24,3,1,3,3,15,13,10,11,1,0,3,1,20,14,6,23,20,2,1,27,32,55,115,25,10,4,4,6,12,7,7,19,8,3,6,13
150,PD43851j_P52_DDM_D3,53,28,6,29,10,9,5,28,59,58,409,62,20,14,22,48,57,22,29,59,9,8,11,14,28,15,10,17,11,8,2,13,50,40,235,56,9,14,10,19,25,22,20,22,10,2,13,34,57,22,7,31,4,7,2,14,33,42,298,51,4,4,7,10,31,18,28,41,3,2,5,8,56,41,4,83,21,7,0,41,55,55,152,56,25,15,12,36,49,25,17,39,15,5,11,38
151,PD43851j_P52_DDM_G2,39,30,10,17,11,8,1,10,49,36,507,45,14,8,9,27,53,18,38,40,12,3,5,6,18,20,8,14,6,7,4,8,41,34,254,41,5,6,4,14,15,12,17,18,3,4,3,9,38,17,5,19,5,7,2,5,46,42,301,37,2,5,4,2,27,21,26,33,3,0,3,6,35,35,12,54,2,4,2,15,39,49,219,47,21,6,3,18,26,11,9,33,10,7,5,13
152,PD43851j_P52_DDM_H3,21,27,5,21,14,3,5,9,54,34,405,32,14,14,9,9,31,14,19,36,3,0,5,8,22,15,3,14,2,5,1,6,24,36,171,34,6,7,10,12,10,15,9,14,2,6,6,11,15,16,9,14,6,1,0,3,36,30,235,25,4,3,6,4,19,12,8,22,3,0,1,4,31,33,5,48,7,8,1,20,34,41,129,30,14,7,8,14,17,14,6,27,11,4,10,18
153,PD43851m_P52_ILM_H1,21,13,7,14,9,5,3,12,39,26,235,34,13,7,6,12,46,8,12,34,3,1,4,6,18,7,5,15,5,2,0,4,33,33,116,32,4,6,7,6,9,12,9,12,3,4,8,6,21,10,3,17,3,6,0,3,29,31,148,23,1,3,4,3,12,10,6,12,5,3,2,1,17,22,5,27,5,4,0,5,28,26,89,36,11,6,4,8,11,10,12,21,8,5,6,7
154,PD43851j_P52_DDM_H2,37,46,6,13,9,9,3,9,64,36,496,64,16,17,15,40,41,16,26,54,3,2,7,15,26,21,7,21,7,6,1,10,54,35,228,48,7,5,7,22,18,16,19,24,4,5,5,14,37,21,13,18,8,4,1,7,34,50,294,39,4,4,9,10,33,17,19,28,2,0,7,2,39,30,14,57,7,16,3,17,42,54,182,64,31,6,2,14,23,27,24,29,7,5,15,15
155,PD43851j_P52_DDM_C3,53,35,7,35,21,9,4,11,64,35,608,52,10,17,9,43,62,19,44,52,11,11,12,11,35,24,5,27,11,10,3,21,37,46,330,51,7,6,10,18,17,15,25,15,5,6,9,18,66,24,12,43,7,6,1,5,55,54,437,63,5,5,8,11,37,25,15,35,2,0,6,5,69,39,6,104,50,14,2,58,116,69,246,66,43,5,7,31,28,33,17,42,11,14,12,33
156,PD43851j_P52_DDM_E3,52,32,11,30,7,11,3,8,58,40,561,63,13,13,13,36,40,20,29,47,5,4,6,12,27,20,10,13,1,14,0,8,47,41,306,46,3,6,9,16,17,23,17,13,10,1,3,13,51,24,9,36,4,5,3,2,39,43,346,48,3,6,4,6,29,25,21,34,3,2,2,6,44,32,8,89,7,9,0,16,66,53,226,56,24,3,7,14,25,21,16,26,8,1,3,20
157,PD43851j_P52_DDM_C4,9,13,3,9,3,4,3,9,16,6,26,6,7,11,9,14,28,8,15,20,2,0,1,2,6,5,3,4,1,5,1,6,7,10,17,16,5,6,5,5,4,5,4,3,1,5,3,3,9,6,1,3,3,2,2,1,10,13,19,8,2,4,5,7,10,4,10,12,1,0,1,1,5,14,1,7,5,2,0,8,19,25,11,15,10,9,2,7,15,3,5,16,3,3,3,6
158,PD43851j_P52_DDM_E2,17,21,5,11,12,7,1,4,25,16,48,11,10,16,16,18,34,13,24,34,5,6,5,1,15,6,7,6,7,6,1,6,25,18,24,25,3,7,11,5,13,9,14,9,0,2,4,7,8,11,6,1,5,6,3,6,10,16,19,19,1,5,10,9,19,6,15,14,3,1,6,5,14,14,6,10,5,8,1,14,27,19,19,9,5,9,7,20,13,10,8,10,10,5,7,13
159,PD43851j_P52_DDM_D2,63,31,11,22,19,11,4,14,69,40,744,45,30,17,12,41,60,18,48,52,5,8,6,10,33,16,6,28,4,5,2,12,52,40,287,54,4,4,13,15,24,20,21,24,8,7,9,13,61,21,6,24,7,1,1,6,65,54,422,51,2,10,5,11,39,27,25,35,4,3,5,8,52,37,5,79,12,8,2,17,61,59,242,53,25,12,6,23,27,20,21,28,6,5,8,24
160,PD43853b_lo0020,36,31,7,30,7,7,4,14,39,20,274,31,17,21,12,24,27,19,21,37,5,4,12,12,58,36,7,58,11,5,2,7,27,40,113,47,20,40,21,73,23,36,17,43,7,13,11,74,52,36,11,35,8,16,2,11,84,59,170,66,9,14,6,13,19,27,16,14,5,4,4,16,49,56,10,66,57,21,0,95,83,32,115,56,24,14,6,20,19,14,12,16,7,11,8,18
161,PD43853b_lo0021,32,19,1,19,12,4,1,8,51,20,294,25,6,7,14,23,28,13,23,28,6,2,5,6,31,23,4,45,5,6,4,8,36,57,135,43,13,15,14,27,12,18,6,13,3,6,8,11,46,29,10,30,5,4,1,5,46,46,155,45,4,4,2,4,13,15,11,13,3,5,5,6,30,32,4,47,10,5,1,30,40,56,110,38,10,1,4,15,9,15,10,16,5,6,3,8
162,PD43853b_lo0022,40,56,7,32,13,9,0,16,54,24,298,24,23,24,14,25,39,19,29,41,4,3,8,31,69,39,4,88,8,8,2,11,35,52,147,63,33,65,42,127,16,57,46,70,8,65,26,298,69,57,8,50,11,13,1,15,88,49,213,60,12,23,5,18,14,23,14,29,6,11,13,66,35,67,15,67,35,19,2,56,59,36,101,62,27,13,14,22,22,28,8,28,13,6,17,40
163,PD43853b_lo0023,36,46,8,25,14,8,1,16,36,29,284,24,22,23,13,33,39,20,26,34,6,4,6,14,57,33,4,63,11,11,2,6,30,39,143,52,24,48,13,82,19,38,39,45,3,13,8,125,44,38,3,37,11,16,0,12,69,59,219,62,9,13,8,15,14,20,11,24,5,1,11,32,37,39,8,62,13,15,0,39,36,29,84,48,26,12,8,22,19,24,14,25,9,5,16,22
164,PD43853b_lo0025,38,54,4,25,10,10,2,23,32,37,244,30,14,24,7,26,28,20,28,33,8,2,8,10,64,58,5,92,10,11,1,15,34,77,128,74,37,30,38,69,19,26,38,40,8,8,8,51,61,72,7,44,9,16,0,17,89,44,159,58,7,7,9,20,13,26,8,23,3,3,5,9,28,49,4,70,35,15,0,58,65,41,100,47,25,8,11,21,20,18,12,20,7,4,9,11
165,PD43853b_lo0024,40,41,4,25,7,8,3,20,49,29,278,25,21,31,21,33,41,19,27,44,8,8,6,29,61,44,5,72,10,8,4,12,37,72,146,49,27,45,39,69,22,54,26,53,10,54,23,236,58,43,6,45,12,14,2,13,88,41,217,54,7,21,3,18,20,24,16,23,4,8,6,53,36,50,3,70,40,12,1,45,68,49,102,61,26,9,14,22,19,19,16,22,9,5,7,26
166,PD43853c_lo0016,44,31,8,33,15,7,0,9,51,39,464,25,9,11,16,27,37,17,30,50,4,2,5,4,36,21,3,41,2,6,3,8,36,39,218,49,21,16,12,30,13,18,16,22,5,1,8,5,63,25,6,30,4,8,0,4,47,51,278,37,5,4,7,9,20,14,14,20,4,1,6,3,45,31,8,71,12,15,1,25,76,55,176,66,20,4,7,19,19,18,11,27,5,5,13,17
167,PD43853c_lo0019,36,22,5,13,10,5,2,10,41,21,335,29,11,6,17,20,30,7,21,33,6,3,5,9,33,13,2,35,2,3,4,9,36,48,166,51,5,14,7,24,15,6,16,20,3,6,4,7,35,16,5,28,3,5,1,8,37,34,216,28,4,1,4,9,17,15,15,20,3,1,7,5,26,28,7,54,13,7,3,18,35,43,119,42,17,6,7,12,22,10,7,26,5,2,11,18
168,PD43853c_lo0017,33,22,3,24,10,3,2,13,37,27,394,32,10,10,11,20,37,15,25,39,4,2,3,8,41,27,4,38,3,7,3,3,36,58,192,42,11,8,17,42,13,18,11,24,5,5,13,6,56,25,8,18,6,9,1,8,47,42,269,52,5,3,5,8,20,17,15,22,7,2,1,4,37,45,5,56,10,4,0,19,37,46,131,33,19,7,6,16,13,15,9,16,9,8,4,13
169,PD43853c_lo0018,30,15,5,25,14,5,2,14,41,31,433,29,19,10,14,19,41,14,23,38,5,1,4,9,30,22,4,32,6,4,3,5,35,42,197,51,9,11,25,36,14,22,10,19,6,5,6,8,39,28,9,24,2,7,1,8,34,40,277,39,3,5,8,7,22,17,16,15,4,1,2,3,42,37,6,53,14,6,0,18,55,35,153,33,22,6,7,16,21,15,11,20,7,5,3,17
170,PD43853c_lo0020,48,25,5,25,19,6,1,10,42,33,398,27,6,13,9,34,37,14,28,36,4,1,4,5,36,21,5,55,9,7,1,7,32,50,153,35,11,16,19,40,13,14,17,16,2,2,4,6,54,28,13,28,5,6,4,11,27,37,207,35,9,4,7,7,12,14,7,24,2,4,3,4,41,45,4,88,69,14,2,97,129,69,133,85,21,6,10,12,21,8,7,22,4,5,7,12
171,PD43949b_lo0021,27,14,1,7,2,5,1,2,15,13,184,20,3,2,4,11,15,10,8,14,5,2,2,1,10,6,4,8,2,3,0,5,20,13,93,12,1,2,4,0,7,6,5,1,1,1,3,3,33,7,4,23,3,0,0,1,10,17,104,13,0,1,0,1,11,8,5,9,0,1,1,0,32,31,6,66,7,2,0,3,15,10,59,17,10,2,1,3,6,7,6,4,2,0,2,3
172,PD43949b_lo0022,27,11,0,11,0,5,0,7,17,9,163,14,3,3,3,3,12,8,6,15,1,2,3,3,15,6,2,15,2,3,1,4,16,13,100,19,2,0,2,5,2,5,7,7,0,1,3,7,35,10,6,21,4,2,0,2,14,12,110,11,0,1,0,2,4,6,2,9,1,0,1,3,44,34,6,61,1,4,1,3,18,9,71,11,12,0,0,7,5,4,5,5,4,1,3,7
173,PD43949b_lo0023,24,9,1,8,3,4,2,3,22,9,182,13,6,1,4,11,10,10,13,12,2,0,3,2,12,5,2,8,3,0,0,3,11,13,69,9,2,6,0,3,6,6,8,4,0,0,2,2,42,12,3,19,1,6,0,2,10,14,113,14,1,1,1,3,5,1,6,8,0,1,3,1,34,22,4,47,3,0,0,6,27,10,57,8,7,3,3,7,8,6,9,11,4,1,4,4
174,PD43949b_lo0024,18,12,0,5,3,2,2,2,20,10,161,17,3,3,2,8,16,6,7,8,2,2,1,4,10,6,1,5,4,3,0,2,12,13,94,14,0,5,1,4,5,8,4,5,0,0,1,1,28,12,5,19,0,3,0,2,14,14,103,14,1,0,2,1,5,3,2,7,0,0,0,0,30,20,4,38,3,3,1,2,12,10,57,10,12,1,4,3,6,8,6,10,1,0,3,5
175,PD43949b_lo0026,21,6,2,15,5,2,1,4,16,8,197,12,4,2,5,11,14,7,8,15,1,1,1,3,15,7,1,5,1,0,0,2,18,13,101,7,1,2,2,4,4,5,6,7,0,1,1,3,41,6,2,21,2,1,0,0,16,15,102,10,1,3,1,2,7,4,4,6,1,0,1,1,38,25,4,55,3,1,0,7,26,11,78,15,5,4,3,3,9,5,11,10,2,4,3,6
176,PD43949b_lo0027,13,6,2,8,2,2,1,1,10,10,156,12,7,3,5,9,10,8,11,15,2,0,1,2,5,9,1,4,1,0,0,1,10,9,85,17,0,2,3,0,2,5,9,5,0,0,2,3,24,6,3,12,2,1,0,2,13,23,99,10,0,1,3,0,8,2,8,5,1,1,3,1,20,16,3,32,4,3,0,1,13,14,53,5,8,2,2,7,4,8,1,8,1,5,1,3
177,PD43949b_lo0028,15,6,0,15,5,2,1,2,12,15,157,8,5,4,3,8,8,8,14,9,3,0,1,0,8,6,1,3,2,0,0,1,11,10,78,17,2,1,0,0,2,4,6,4,0,0,1,2,22,5,2,17,2,1,0,2,13,25,97,9,1,1,4,2,6,2,9,9,1,1,1,1,23,15,3,33,6,1,0,3,12,12,60,11,7,3,3,4,7,5,4,15,2,5,0,3
178,PD43950b_lo0022,6,1,1,3,3,1,0,1,8,0,70,3,0,1,0,2,4,5,3,6,0,0,2,2,7,0,0,2,0,1,0,2,4,5,34,2,1,0,0,2,1,1,3,1,0,0,2,1,6,1,2,5,1,1,0,0,4,6,38,4,2,0,1,1,5,0,0,6,0,0,0,1,5,9,1,7,4,0,0,3,19,4,28,6,4,1,0,2,2,2,0,3,0,0,0,1
179,PD43950b_lo0023,3,2,0,3,1,0,1,2,10,4,64,4,0,2,2,6,5,2,3,5,2,0,3,2,3,1,1,2,0,0,0,1,2,6,24,5,1,0,2,2,2,0,1,1,0,0,0,0,0,3,1,3,1,0,0,0,2,2,41,6,0,1,0,0,2,1,1,3,0,0,0,0,7,2,2,7,0,0,0,3,5,10,20,8,3,2,2,1,3,2,2,2,1,0,3,1
180,PD43950b_lo0030,4,3,0,3,2,2,0,3,8,3,68,4,1,1,0,6,5,2,2,8,1,1,3,0,4,1,0,0,1,1,0,3,8,6,40,4,3,1,1,2,1,2,2,4,0,1,1,1,1,0,3,5,1,1,1,1,4,6,54,8,0,1,0,1,6,1,1,4,0,0,0,1,8,11,3,8,44,12,1,45,50,14,31,21,5,0,0,0,6,3,1,3,0,1,3,1
181,PD43950b_lo0031,6,3,0,2,0,1,0,1,7,4,88,9,1,1,0,4,10,2,3,9,0,1,1,1,4,3,0,3,0,1,0,0,3,5,39,5,3,3,1,1,0,3,1,2,0,3,2,1,2,0,2,6,0,0,0,1,4,4,56,6,2,1,0,1,7,3,0,4,0,0,0,0,3,5,3,14,3,0,0,4,11,6,22,10,2,0,0,2,7,2,2,3,0,1,3,1
182,PD43950b_lo0024,5,0,2,5,0,0,0,0,7,8,70,7,0,1,1,3,7,3,4,5,2,0,0,2,2,4,2,2,0,0,0,3,4,5,48,8,0,2,0,0,2,3,1,4,0,0,1,0,4,3,0,1,1,1,0,2,9,5,37,2,0,2,0,4,1,4,2,3,0,0,3,0,4,7,1,17,2,1,0,6,8,7,34,8,5,1,1,3,0,1,3,4,0,0,3,3
183,PD43950b_lo0025,5,6,0,2,2,1,0,1,13,4,74,6,2,1,2,6,6,5,4,6,1,0,1,0,2,1,0,1,0,3,1,1,7,7,42,6,1,1,1,1,2,1,3,2,0,0,0,2,7,2,0,7,0,3,0,0,7,6,39,7,0,0,3,1,5,2,2,3,1,0,1,0,11,4,0,14,21,5,0,14,26,10,34,20,1,2,1,4,2,1,3,4,0,2,1,5
184,PD43950b_lo0026,1,1,0,2,2,0,3,1,9,3,64,7,0,0,0,4,2,2,7,4,0,0,0,0,7,3,0,1,3,0,1,0,5,3,29,7,2,1,1,0,0,2,1,1,1,3,0,0,5,1,2,1,0,0,0,1,1,4,34,3,0,1,0,1,4,2,3,1,0,1,0,0,7,2,0,4,1,0,0,3,4,5,27,4,3,1,1,2,4,2,0,4,0,0,1,0
185,PD43950b_lo0027,4,1,1,6,1,0,1,1,9,2,51,3,0,0,0,7,2,0,3,0,0,0,1,1,3,1,1,2,1,1,1,1,4,6,37,5,3,0,2,0,3,2,2,3,0,1,1,0,4,1,0,2,0,1,0,1,4,8,31,0,0,0,0,1,3,1,0,4,0,0,0,1,2,3,1,2,1,0,0,0,3,7,20,4,5,2,2,1,3,2,2,4,2,1,0,0
186,PD43950b_lo0028,4,2,0,3,0,0,0,1,1,4,50,4,0,1,0,3,6,2,3,8,0,0,2,3,4,1,0,2,0,0,0,0,4,3,31,6,0,1,2,1,2,2,5,1,1,0,1,0,5,2,2,4,0,0,0,0,4,6,30,4,0,0,1,0,0,3,2,5,0,0,0,1,3,4,0,10,0,0,0,2,10,7,24,6,5,0,1,0,2,5,1,4,2,1,1,2
187,PD43950b_lo0029,6,1,0,3,1,2,0,1,8,8,66,6,2,0,1,3,4,4,3,4,0,0,1,1,2,4,1,4,0,0,0,0,7,3,43,5,1,2,1,0,1,1,1,1,0,1,0,0,5,5,1,5,1,0,0,1,5,2,40,1,0,1,0,2,2,3,2,2,0,0,0,1,7,4,1,5,8,3,0,7,13,11,30,10,2,0,1,0,3,5,1,2,0,0,3,3
188,PD43950b_lo0034,8,3,1,5,1,1,0,2,14,2,113,8,2,1,0,8,5,1,5,7,0,0,1,2,4,3,0,7,0,1,0,2,8,10,66,6,0,0,1,1,3,1,3,1,1,0,1,3,11,1,2,6,2,2,0,0,8,6,64,11,2,1,2,0,4,2,4,3,0,0,0,1,8,4,1,24,5,1,1,3,12,7,44,13,5,1,2,4,6,5,5,3,0,0,0,3
189,PD43951b_lo0010,8,5,0,4,2,2,0,2,5,4,62,6,2,0,0,4,4,0,4,10,1,0,0,2,11,1,2,2,1,0,1,0,15,8,36,5,0,2,0,2,3,1,4,1,0,0,0,0,6,5,3,4,1,1,0,4,4,2,45,5,1,0,2,0,1,2,0,4,1,0,2,2,10,6,0,8,4,4,2,5,13,8,36,12,3,2,0,1,2,1,5,2,1,0,1,2
190,PD43951b_lo0014,10,6,1,3,2,3,0,0,3,5,102,6,2,1,0,7,5,4,2,3,0,2,2,3,3,3,1,4,2,0,1,2,9,6,36,11,0,2,2,1,4,2,1,2,0,1,1,3,8,2,0,1,0,0,0,0,4,15,48,6,1,0,0,1,2,2,2,0,1,0,0,0,9,7,3,10,4,3,0,0,6,12,24,11,2,0,0,1,3,3,5,6,1,2,0,7
191,PD43951b_lo0015,2,2,1,2,2,0,0,0,4,3,43,5,2,1,1,1,4,1,6,6,0,0,0,2,1,1,2,3,1,0,0,0,2,5,38,8,0,0,1,2,1,2,2,3,1,0,0,2,3,1,0,1,0,0,0,0,3,4,31,3,1,1,1,0,1,2,0,4,1,0,0,0,5,4,1,4,0,2,0,0,6,5,19,5,1,1,0,2,4,2,2,1,1,0,0,1
192,PD43951b_lo0011,6,3,0,5,1,0,0,1,4,5,39,5,0,0,2,3,2,1,6,3,1,0,0,0,2,3,0,2,2,0,1,1,4,7,18,9,1,1,0,1,2,2,3,1,0,0,0,2,5,1,1,2,1,0,1,0,0,8,38,4,0,1,1,1,2,4,0,7,0,1,0,1,6,3,2,7,0,0,1,5,8,12,22,5,2,0,1,2,1,0,0,5,1,1,2,3
193,PD43951b_lo0012,5,1,0,2,3,2,0,0,7,3,92,2,0,2,1,4,4,2,4,7,1,0,0,2,5,1,0,3,0,2,0,2,4,6,28,12,0,0,1,1,3,1,2,1,0,1,1,2,3,1,0,6,0,1,0,1,3,6,42,4,0,1,2,1,2,1,0,2,0,1,2,0,3,2,0,8,0,1,0,1,5,9,40,10,2,1,0,2,1,5,3,6,0,0,0,4
194,PD43951b_lo0018,3,7,0,1,1,0,0,1,5,6,59,4,2,2,0,6,3,6,1,8,0,0,0,1,3,1,0,5,2,1,1,1,2,8,28,8,2,0,0,1,1,2,2,2,0,0,2,0,6,2,0,2,0,0,1,2,3,8,26,5,0,1,2,0,4,1,1,4,0,0,2,0,4,2,0,4,1,0,0,3,6,7,27,5,6,1,0,1,1,1,2,3,2,0,1,6
195,PD43951b_lo0016,4,5,0,2,3,0,0,1,8,4,58,3,3,2,2,3,6,3,3,12,0,1,0,0,3,6,1,3,0,0,1,0,6,8,33,6,0,2,0,0,2,2,1,0,0,0,1,0,3,1,0,3,1,1,0,0,4,7,28,7,0,0,0,3,1,3,3,4,0,0,0,0,4,5,1,7,3,1,0,9,16,10,16,11,1,1,2,1,4,2,3,5,1,0,1,2
196,PD43951b_lo0017,11,2,0,1,4,0,0,3,6,7,78,3,2,1,1,0,6,1,4,10,0,1,0,1,4,2,0,1,1,2,0,1,8,8,38,5,1,3,1,1,2,3,2,6,2,1,0,0,7,2,0,6,2,2,0,1,7,6,44,10,0,2,1,5,3,1,2,5,0,1,0,0,7,4,0,12,1,0,0,2,3,14,32,4,3,1,1,4,5,2,1,2,1,0,0,4
197,PD43951b_lo0019,7,2,1,2,2,0,0,3,8,4,67,3,0,1,2,0,4,1,2,5,1,0,0,2,6,2,1,2,1,0,0,2,4,7,27,8,0,2,0,1,7,3,3,2,0,1,0,0,4,2,0,2,0,0,1,0,7,5,45,7,1,2,1,0,4,1,1,1,0,0,0,0,5,4,2,4,0,1,0,1,8,8,29,7,5,0,3,0,1,2,1,0,2,0,0,4
198,PD43951b_lo0020,4,2,0,2,1,0,0,0,6,3,41,2,0,0,0,3,5,1,2,4,1,0,1,1,1,2,1,2,0,0,0,0,2,2,21,3,0,1,0,1,1,3,1,0,0,0,2,1,0,1,0,1,0,1,0,1,1,1,31,5,1,1,1,1,1,1,1,0,0,0,0,0,1,2,1,2,0,0,0,2,6,6,9,4,0,0,2,1,2,1,0,2,1,0,0,1
199,PD43952b_lo0011,5,3,0,3,3,0,1,1,5,5,80,9,4,4,0,4,7,2,4,3,2,0,1,2,3,1,0,4,1,0,0,0,11,5,34,7,2,1,1,2,4,1,3,4,1,0,1,1,2,6,0,0,3,0,0,1,4,7,36,10,0,1,1,1,5,2,2,4,1,0,0,1,9,2,0,4,4,1,0,1,6,5,29,7,4,1,1,2,6,3,2,5,2,2,2,2
200,PD43952b_lo0013,7,2,3,5,4,3,1,3,9,3,81,4,1,2,2,5,7,1,2,5,0,0,2,2,4,2,2,2,2,0,0,1,5,1,46,8,0,1,0,2,3,1,3,3,0,0,0,1,6,3,1,4,2,1,0,2,8,6,41,8,0,2,1,2,5,2,6,5,3,1,0,2,8,4,0,10,4,1,0,6,9,8,30,11,4,1,2,2,3,4,1,4,1,0,0,2
201,PD43952b_lo0016,5,5,0,0,1,2,0,0,10,4,59,1,1,1,0,4,4,4,8,6,0,0,1,0,4,4,0,3,2,1,0,1,10,7,33,3,1,1,0,1,2,4,0,4,1,0,0,0,9,3,1,1,0,0,0,2,8,4,39,4,0,1,0,1,5,4,3,4,1,0,0,0,3,3,1,7,0,1,0,4,7,8,27,8,5,2,2,1,6,6,6,1,1,1,3,5
202,PD43952b_lo0018,10,4,0,3,2,0,1,1,8,6,77,5,3,2,0,4,4,4,6,7,0,0,3,6,6,6,0,6,2,1,0,1,10,3,36,6,0,1,0,1,3,2,0,1,0,0,1,0,11,4,1,6,0,0,0,0,6,5,59,10,0,1,0,2,2,3,0,8,0,0,2,1,3,7,1,9,3,1,1,6,8,11,28,8,5,2,0,5,1,5,2,2,2,1,2,4
203,PD43952b_lo0021,5,4,1,0,1,1,0,1,10,5,70,9,1,1,2,2,9,1,4,6,2,0,2,5,1,5,1,0,1,1,1,1,4,5,34,2,1,0,1,2,4,1,4,2,0,1,1,2,1,2,2,3,0,1,0,1,5,4,48,4,1,1,1,0,2,0,4,3,0,0,0,0,5,1,1,6,1,1,0,6,8,12,27,5,2,1,1,2,3,3,3,3,0,0,1,3
204,PD43952b_lo0017,7,4,0,2,1,1,1,4,2,2,72,5,0,1,5,3,7,4,6,6,1,2,3,2,6,3,0,5,0,0,0,1,2,9,37,8,3,0,0,2,8,2,6,2,1,0,0,1,7,4,1,2,1,2,0,0,1,6,51,6,0,1,1,1,4,1,3,7,0,0,2,0,7,3,0,3,1,2,1,1,9,13,25,6,2,0,1,4,4,3,4,6,0,0,3,3
205,PD43952b_lo0024,8,0,2,2,4,2,0,1,12,7,67,6,2,2,0,3,5,0,4,4,1,1,3,0,4,0,0,2,1,2,0,0,5,7,32,5,0,3,1,2,3,1,3,1,0,0,2,1,10,4,0,5,1,0,0,4,6,4,37,3,0,2,1,4,3,1,2,7,0,0,1,0,6,7,0,6,1,1,0,2,9,9,25,10,2,0,1,3,7,3,1,2,0,0,1,2
206,PD43953b_lo0009,0,6,1,4,4,0,0,0,3,5,59,5,2,1,0,2,3,5,1,4,0,0,1,1,6,0,0,5,2,1,1,1,10,7,21,4,0,3,0,0,1,3,2,3,0,0,1,2,5,1,1,0,0,1,0,2,2,3,44,0,0,0,1,1,3,2,2,2,1,0,0,0,7,2,1,15,14,4,2,17,20,8,26,15,2,1,1,1,2,3,1,4,0,1,2,1
207,PD43953b_lo0012,2,1,0,3,0,0,0,1,7,3,57,4,1,1,0,4,6,2,4,6,0,0,0,1,2,2,1,5,0,0,0,0,1,4,31,2,1,2,2,2,0,3,3,4,0,0,0,0,4,1,1,3,0,0,0,0,2,3,38,2,1,1,1,0,2,2,3,4,0,1,0,0,2,3,1,5,6,1,0,3,10,8,18,8,2,0,0,1,3,4,0,2,0,1,2,2
208,PD43953b_lo0013,5,2,1,3,3,1,0,0,3,2,49,6,0,0,2,0,1,0,1,2,1,0,0,0,1,1,0,1,0,0,0,1,3,2,26,4,0,0,0,0,1,1,0,2,0,0,0,2,0,2,1,4,1,0,0,1,0,1,29,1,0,0,0,0,3,2,1,2,1,1,0,0,2,0,0,8,1,1,0,2,5,4,15,5,3,1,0,0,2,2,1,3,3,0,2,3
209,PD43953b_lo0014,1,2,2,2,1,0,0,2,4,4,72,6,2,0,0,5,3,0,1,5,0,1,0,0,1,1,0,3,0,1,0,0,5,3,32,7,0,0,3,1,1,2,1,3,0,0,1,1,5,0,1,2,2,0,0,0,4,3,34,4,1,0,0,1,2,2,2,4,0,1,0,0,3,4,0,6,1,0,0,1,6,2,25,7,6,0,0,0,3,0,0,4,0,1,0,1
210,PD43953b_lo0015,5,2,1,3,0,2,0,0,6,5,94,3,1,1,0,3,2,2,0,5,0,0,1,1,1,1,1,1,0,0,0,0,6,5,41,4,1,1,1,1,5,3,0,5,1,0,1,1,9,2,2,5,1,1,1,1,4,2,34,2,1,3,0,0,2,1,3,4,0,0,0,0,5,2,0,7,0,0,1,2,7,5,31,7,1,0,0,2,3,2,0,5,2,0,1,4
211,PD43953b_lo0016,7,5,2,2,4,1,0,1,6,2,56,7,1,1,0,3,2,1,1,9,1,0,1,2,4,2,1,4,1,1,0,1,2,6,31,11,0,0,1,0,0,0,3,2,0,0,0,0,12,2,2,5,1,0,0,0,9,6,49,3,1,3,0,0,1,3,4,4,0,0,0,2,6,2,2,5,2,5,1,3,9,8,31,9,7,1,1,2,1,2,2,1,3,0,0,3
212,PD43953b_lo0010,2,4,0,3,1,0,0,1,6,2,63,8,1,1,3,4,4,2,5,1,2,0,0,1,2,5,0,1,1,1,0,1,4,3,18,2,1,1,0,3,2,0,0,4,0,0,0,1,8,1,1,3,2,0,0,1,8,2,30,7,1,1,0,2,2,0,0,4,1,0,1,2,4,4,1,9,2,3,0,4,16,4,27,9,2,1,0,2,5,3,1,1,3,2,0,1
213,PD43954b_lo0012,8,3,1,1,1,1,0,1,13,2,74,6,2,1,2,3,8,0,8,7,0,2,0,1,4,5,0,4,0,1,0,2,4,2,41,7,0,0,1,0,4,1,4,4,0,0,0,1,6,4,1,6,1,2,0,1,8,5,36,4,1,0,1,0,1,3,2,0,3,0,0,0,1,3,0,6,1,2,0,8,8,10,26,5,2,0,0,4,3,2,1,5,2,2,2,6
214,PD43954b_lo0013,7,3,1,5,1,1,0,0,8,2,73,3,3,1,2,1,1,3,4,5,0,1,0,1,3,4,2,2,0,1,1,2,3,10,37,9,0,0,0,3,2,2,5,2,0,0,0,0,3,0,2,3,0,1,0,0,3,7,41,2,0,0,0,0,3,3,2,3,0,0,0,0,5,5,0,1,2,0,1,3,13,7,27,9,3,0,0,3,2,0,1,3,3,2,0,2
215,PD43954b_lo0014,6,6,0,2,0,0,1,0,7,2,47,7,1,2,2,1,4,2,1,3,1,1,0,0,7,0,1,2,2,1,0,2,3,9,35,3,2,0,1,3,3,4,3,3,0,2,0,1,6,0,1,1,0,0,0,1,5,6,31,2,1,1,0,0,4,2,1,2,1,0,0,0,3,8,2,1,0,2,0,1,4,4,24,8,2,0,0,3,1,0,1,2,1,3,1,3
216,PD43954b_lo0015,4,1,1,2,1,0,1,2,10,2,46,9,2,2,2,2,3,2,2,3,0,0,0,1,3,0,1,1,0,1,0,1,4,6,28,3,0,1,0,2,1,1,2,1,0,0,0,1,2,0,1,3,1,2,0,0,3,8,37,3,0,0,1,2,2,2,2,3,0,0,0,1,1,5,1,6,0,1,0,2,2,5,18,4,0,0,0,2,3,1,3,4,0,1,0,4
217,PD43954b_lo0016,9,6,0,2,1,0,0,2,8,0,55,4,2,1,1,5,6,2,3,6,0,1,1,1,7,2,1,1,1,2,0,1,9,4,37,11,2,0,0,0,2,0,2,1,0,0,3,1,5,1,2,1,2,0,0,2,2,1,30,1,0,1,2,1,2,4,7,1,0,0,0,0,6,3,1,8,2,1,0,3,9,6,27,7,5,0,0,3,1,4,2,2,1,1,0,1
218,PD43954b_lo0019,5,5,1,2,1,0,0,0,9,1,61,4,0,3,0,2,4,3,1,4,1,0,0,1,3,0,0,2,0,0,0,0,6,2,37,7,0,0,1,0,4,2,0,2,0,1,0,0,6,2,2,4,1,2,0,0,4,4,36,7,0,1,0,0,2,2,2,5,0,0,1,0,8,3,0,5,0,0,0,1,6,11,23,12,1,1,1,2,1,1,4,1,1,0,0,3
219,PD43954b_lo0018,9,0,0,4,1,0,0,1,6,1,59,6,0,2,0,2,2,4,2,4,0,0,2,1,2,2,0,1,1,0,1,0,3,1,29,7,0,0,2,1,1,1,2,0,0,0,0,0,10,3,2,4,1,1,0,3,2,5,25,1,0,2,0,0,2,2,1,1,0,0,1,1,7,0,0,7,4,1,0,2,6,4,28,5,2,0,0,0,1,1,0,2,0,2,2,2
220,PD45766b_lo0001,40,32,7,22,20,7,2,11,64,40,359,45,14,11,18,31,49,13,30,45,9,5,6,12,29,25,7,18,12,8,2,16,42,49,150,45,9,9,16,13,16,15,19,23,6,2,5,12,46,18,11,30,6,10,1,9,43,50,184,43,7,4,5,10,26,17,18,34,0,1,4,7,51,40,11,53,6,15,0,19,42,61,123,40,18,10,10,24,32,21,18,19,8,10,18,18
221,PD45766b_lo0002,34,29,7,20,20,10,3,17,60,33,324,35,13,14,12,19,43,18,27,49,7,6,7,10,34,23,6,20,9,11,2,15,39,44,139,54,9,13,11,10,10,18,17,15,5,10,6,10,47,22,6,34,7,7,1,8,39,49,210,41,8,6,10,12,21,10,10,27,3,3,6,8,43,35,10,47,13,13,0,27,49,58,109,45,14,14,9,26,31,22,19,21,6,10,10,20
222,PD45766b_lo0003,31,20,7,17,13,10,2,10,56,40,322,38,9,15,14,16,49,9,24,42,6,4,12,10,23,22,2,22,2,16,2,6,44,51,132,35,7,14,11,10,15,14,18,21,4,9,7,8,21,18,9,33,9,6,0,6,35,50,191,40,8,2,5,13,21,10,18,23,6,1,1,4,27,35,6,46,14,13,2,20,39,38,92,40,27,9,4,23,20,9,15,26,7,9,10,21
223,PD45766b_lo0008,45,26,9,27,14,12,1,13,50,44,363,39,19,15,17,25,51,14,30,55,7,5,8,11,33,21,8,16,8,11,2,14,34,47,146,44,7,11,9,10,16,15,16,21,6,9,4,8,35,19,3,31,11,7,1,9,42,44,193,26,5,4,8,5,23,19,12,29,1,3,7,5,35,49,3,54,10,13,2,19,36,44,117,42,18,12,9,32,31,19,13,24,12,11,15,24
224,PD45766b_lo0007,42,28,2,24,6,10,3,12,56,39,367,37,13,21,13,20,43,14,31,61,9,2,6,11,35,19,7,21,7,8,2,8,49,47,191,45,10,16,15,18,12,16,11,17,7,7,6,14,36,27,7,28,7,4,3,8,35,49,268,38,7,8,9,7,25,9,14,29,5,5,5,9,43,38,2,54,12,19,2,27,44,56,158,39,20,10,10,16,17,15,18,33,17,12,8,19
225,PD45766b_lo0005,64,26,2,24,18,6,2,14,52,50,458,40,14,18,13,30,43,10,33,45,10,3,7,15,54,25,10,21,8,8,4,15,29,36,239,39,13,10,13,13,20,20,17,25,5,7,9,6,104,23,9,58,8,5,2,10,41,48,283,48,6,9,9,10,33,7,21,26,2,2,2,4,82,45,12,84,10,10,3,30,52,51,170,48,25,9,9,25,20,16,12,29,8,7,11,25
226,PD45766b_lo0006,63,31,6,30,19,11,3,17,58,41,422,55,16,12,20,32,47,18,41,57,4,5,5,11,40,19,5,24,6,6,0,8,48,44,223,53,9,18,13,18,18,18,22,18,6,5,4,17,92,19,9,44,9,6,1,14,55,65,270,55,5,5,6,5,30,22,24,26,4,2,3,4,61,51,11,106,16,16,2,20,33,63,150,41,21,13,8,19,24,15,17,29,15,9,7,26
227,PD45767b_lo0001,44,22,4,17,15,9,1,11,68,40,349,43,18,21,13,28,50,20,33,56,11,7,4,7,27,22,3,6,6,6,3,11,39,49,154,71,5,9,11,16,21,19,19,19,6,4,5,13,32,11,6,22,6,8,0,8,47,56,206,42,7,7,11,7,18,10,11,31,3,2,9,8,34,29,7,39,20,3,2,38,56,49,133,46,10,5,4,16,28,21,11,27,5,4,10,17
228,PD45767b_lo0011,33,20,4,9,14,4,0,13,40,39,290,31,10,11,14,13,41,9,28,48,7,6,1,8,12,11,2,11,8,1,0,13,30,35,137,51,4,7,8,10,9,13,14,16,3,3,3,3,15,17,2,13,4,6,0,4,32,34,197,31,6,2,5,5,17,6,6,25,0,3,8,3,31,22,5,31,15,7,1,23,56,33,88,43,17,7,5,9,20,15,11,18,5,3,5,18
229,PD45767b_lo0009,40,25,3,16,15,6,4,11,60,35,407,36,10,12,16,16,53,21,29,54,7,4,7,4,28,12,4,26,11,11,5,17,44,52,166,47,6,9,11,12,18,23,21,15,7,7,6,13,31,17,8,25,9,4,1,8,42,46,218,52,10,2,4,7,26,15,14,27,4,2,4,7,37,31,7,46,68,27,2,121,136,72,163,86,22,8,10,10,23,20,14,29,9,7,5,19
230,PD45767b_lo0010,44,33,5,26,19,6,3,17,72,52,447,37,11,18,10,17,62,20,30,59,15,7,13,5,22,19,1,20,7,9,3,17,50,56,190,45,13,11,18,13,19,20,18,17,3,3,7,10,35,17,6,25,7,6,1,12,37,47,266,54,4,6,3,11,25,8,16,28,5,4,7,5,45,27,7,60,70,22,2,122,142,72,184,85,18,5,7,22,29,21,12,26,11,4,3,16
231,PD45767b_lo0003,47,32,3,30,14,6,1,16,60,39,402,40,15,4,16,26,60,17,29,53,7,3,11,10,35,15,2,23,7,13,4,13,42,44,196,53,6,8,8,18,18,15,15,13,5,1,3,5,38,11,5,21,7,6,0,10,43,45,257,42,7,4,8,5,22,16,14,24,4,2,2,6,23,24,4,52,13,6,3,23,43,42,142,42,18,11,3,12,23,22,7,31,7,10,7,13
232,PD45767b_lo0002,33,28,4,22,19,6,3,18,56,26,313,42,21,7,12,24,32,16,21,50,8,4,4,8,27,14,2,15,4,12,4,12,44,56,152,46,6,5,14,16,11,13,19,16,5,5,6,5,34,11,3,28,6,8,1,9,36,50,175,33,5,3,5,7,16,16,16,28,3,2,4,5,33,29,10,34,14,6,0,16,48,46,134,51,18,5,9,22,20,18,7,24,6,8,7,15
233,PD45767b_lo0006,43,18,5,17,11,9,0,14,66,47,328,43,12,9,15,20,43,20,35,32,3,2,10,7,30,9,6,14,9,8,1,13,46,46,154,53,11,5,10,9,7,12,11,16,2,4,17,15,44,24,6,12,3,6,2,5,35,41,204,53,3,2,9,11,17,19,16,32,2,2,2,5,46,22,7,41,29,11,1,33,55,71,122,66,7,11,6,15,16,18,12,32,5,3,6,13
234,PD45767b_lo0008,45,31,9,29,17,7,3,15,52,38,446,50,16,17,25,29,43,28,35,53,7,5,10,11,41,16,3,22,9,8,2,16,41,55,225,59,4,12,12,19,14,23,19,18,6,8,5,7,42,20,4,30,5,7,3,10,45,59,270,42,5,4,4,10,39,12,25,29,2,3,4,4,38,36,3,46,16,16,2,22,40,57,147,41,16,10,7,21,26,17,12,23,8,4,13,23
235,PD45767b_lo0005,52,32,4,23,17,12,1,15,68,37,431,39,10,14,14,27,58,23,38,51,5,8,5,13,25,15,4,16,10,12,3,14,36,55,197,56,6,7,14,17,17,18,11,17,2,0,5,16,27,12,5,23,5,10,3,4,46,57,255,45,7,2,6,7,23,18,14,27,3,3,2,8,26,41,9,53,38,18,1,43,75,63,176,58,13,9,9,22,27,19,12,36,8,6,5,23
236,PD45767b_lo0013,47,28,6,27,11,3,0,13,78,31,423,40,13,18,13,14,64,24,31,52,5,4,5,11,33,18,6,18,7,13,5,16,45,52,217,52,6,11,8,25,25,14,13,12,3,7,9,10,26,19,3,25,6,9,1,2,42,39,268,51,6,9,7,6,20,16,17,37,2,1,7,5,27,40,9,46,11,11,3,16,41,63,140,51,22,4,6,18,28,16,12,25,7,9,4,16
237,PD45767b_lo0012,56,31,6,36,20,9,1,13,73,48,531,57,17,10,22,30,52,25,43,42,9,7,15,13,34,19,7,38,8,11,3,13,49,60,260,57,13,8,11,16,20,25,11,21,7,2,3,9,56,16,7,53,11,6,2,9,60,49,339,41,6,3,11,14,28,11,21,27,0,6,8,8,49,38,7,88,15,9,3,31,65,52,174,63,27,9,9,24,30,11,22,41,8,9,11,27
238,PD45767b_lo0014,38,21,6,24,16,6,2,13,73,32,366,44,19,11,14,20,70,16,37,40,8,0,6,11,34,17,4,18,11,7,4,15,39,49,147,48,10,5,10,15,12,15,9,16,8,7,2,9,37,10,7,24,4,7,1,9,30,57,226,43,6,6,2,9,25,9,17,27,3,3,6,3,32,38,7,45,36,12,2,43,69,50,117,54,18,7,7,16,31,13,15,33,7,5,11,13
239,PD45767b_lo0015,38,22,6,25,16,6,2,12,75,33,360,44,18,12,16,20,66,15,40,42,8,0,7,11,35,17,4,17,11,7,5,15,39,50,147,48,9,4,10,15,13,15,9,16,8,6,2,9,34,10,6,21,4,7,1,9,32,58,226,42,5,4,3,10,24,10,16,27,3,3,7,3,33,35,7,43,36,12,2,42,71,49,114,53,18,6,8,14,29,12,16,33,6,5,10,11
240,PD45769b_lo0001,43,28,6,33,14,15,4,17,58,43,466,52,13,12,17,27,48,22,37,48,8,2,7,9,33,18,4,18,10,4,0,15,56,61,225,62,7,4,11,16,23,30,12,14,12,3,4,6,38,26,8,19,9,9,2,10,56,61,263,46,7,4,10,9,29,24,17,23,3,2,3,9,39,38,10,46,28,17,2,50,99,79,198,77,12,8,7,15,22,15,12,27,12,4,8,17
241,PD45769b_lo0004,42,19,3,24,17,14,3,10,76,49,393,57,14,15,17,20,44,26,36,62,5,2,8,5,38,19,4,29,8,10,3,10,51,61,204,78,13,6,12,12,18,19,16,22,1,5,8,9,38,19,2,15,10,7,2,8,53,51,228,51,8,5,3,5,22,17,7,20,2,2,7,5,21,38,9,35,6,10,1,18,53,58,145,51,15,7,4,22,23,15,5,19,8,7,10,15
242,PD45769b_lo0005,38,31,7,18,21,9,1,15,80,43,380,59,18,15,17,17,49,24,24,43,7,2,12,7,39,16,5,24,8,11,4,14,48,47,191,54,6,7,10,10,15,23,14,18,4,8,8,6,31,20,3,20,7,7,2,6,54,65,213,57,6,6,6,9,18,12,14,23,4,2,6,5,33,24,8,32,16,12,4,25,60,65,177,49,15,7,7,19,30,25,8,27,13,5,4,15
243,PD45769b_lo0006,45,30,7,31,18,5,5,17,69,45,402,44,13,13,15,14,47,17,29,41,2,2,5,7,36,12,5,25,11,8,4,10,45,59,164,55,8,6,15,9,12,15,16,23,2,4,5,5,36,25,1,23,2,3,1,8,45,41,236,50,6,3,8,3,31,18,15,23,6,3,7,5,38,36,7,36,39,17,2,70,94,86,156,89,16,6,7,28,14,19,13,20,9,3,4,16
244,PD45769b_lo0007,39,24,7,25,18,7,3,10,74,48,505,52,13,14,13,31,60,15,42,51,7,5,10,8,17,15,3,27,9,8,4,11,37,48,211,54,7,14,7,17,18,17,22,17,2,5,8,8,24,20,8,19,6,13,1,10,35,41,289,55,4,2,4,12,32,19,23,32,2,3,8,7,34,28,4,44,13,14,1,19,41,52,179,51,14,6,7,24,21,20,16,32,8,5,10,18
245,PD45770b_lo0001,44,31,9,25,16,5,2,10,54,45,396,36,16,14,6,21,41,26,43,46,9,8,7,10,29,17,1,18,11,8,3,15,55,67,169,65,7,9,10,10,17,21,12,26,4,8,7,8,36,21,9,26,8,9,0,9,52,47,238,50,4,8,9,8,17,20,18,26,4,2,2,5,37,31,7,39,14,9,6,24,58,85,153,34,23,13,5,17,21,17,17,22,9,2,10,19
246,PD45770b_lo0002,50,37,12,28,19,14,2,14,71,36,404,47,8,9,14,23,51,15,29,55,4,5,11,9,27,21,5,16,4,10,1,5,50,43,187,54,14,12,10,8,12,15,18,18,3,5,7,7,43,17,10,18,8,11,3,5,58,68,201,40,5,3,3,7,32,23,12,31,4,1,5,8,43,36,6,41,12,7,1,18,49,70,168,47,20,11,6,19,32,24,18,29,6,5,15,20
247,PD45770b_lo0003,43,27,6,28,19,7,6,19,73,59,444,43,19,15,15,24,54,25,44,50,5,7,11,8,38,28,4,16,7,9,1,15,52,57,174,52,5,10,8,9,20,16,17,20,4,7,12,8,40,11,8,32,11,6,0,7,74,75,243,48,4,1,6,6,21,23,14,40,3,6,3,7,55,31,6,53,14,16,4,29,65,72,153,53,23,11,7,19,18,26,12,23,5,10,10,21
248,PD45770b_lo0005,53,34,5,20,25,8,4,11,71,52,416,47,16,10,20,25,43,23,45,50,5,1,15,14,31,18,4,24,6,13,3,13,45,67,197,61,5,4,12,9,13,15,27,18,3,9,4,5,40,23,9,26,7,7,1,6,52,52,246,36,4,9,4,8,34,13,16,19,3,3,9,4,27,44,8,49,13,5,3,15,68,64,147,51,24,7,6,16,21,19,13,22,7,9,10,23
249,PD45770b_lo0008,45,33,10,24,17,9,4,9,76,37,378,47,22,12,19,27,57,16,32,47,4,2,5,9,30,21,6,18,10,13,3,13,53,61,153,52,4,11,6,14,11,18,13,17,4,4,3,12,49,21,5,28,6,7,1,7,39,58,240,50,6,5,4,6,33,11,8,29,5,2,6,5,37,23,7,56,12,13,1,13,55,66,152,48,12,8,4,18,19,31,23,30,10,8,6,19
250,PD45771b_lo0002,46,43,7,34,22,5,4,11,67,56,654,87,21,11,18,28,48,30,36,57,3,1,1,4,31,20,4,25,10,8,3,8,41,52,287,58,9,14,13,15,15,14,22,20,5,7,6,14,52,29,6,38,7,7,1,10,52,67,410,61,8,9,15,12,33,16,24,43,4,5,2,15,61,43,13,66,20,11,0,37,62,81,238,74,24,8,8,20,25,26,19,28,15,4,16,19
251,PD45771b_lo0003,45,36,8,33,15,3,6,16,87,75,734,109,21,23,17,37,55,43,53,78,12,1,4,13,29,21,6,24,16,11,5,15,50,49,332,61,13,14,11,12,24,25,29,17,6,5,8,17,51,24,9,43,15,9,1,8,54,82,421,51,3,7,9,8,43,32,23,41,7,3,7,10,51,56,14,84,14,15,2,28,73,83,251,76,28,11,5,17,26,41,24,37,19,6,16,33
252,PD45771b_lo0004,75,47,5,39,9,14,3,16,84,71,700,84,17,25,13,38,66,29,46,82,10,5,11,16,56,20,5,38,14,15,5,14,66,72,371,74,4,16,17,14,25,25,34,46,6,7,9,15,79,31,15,51,7,10,3,8,68,59,488,79,8,8,10,14,41,29,22,54,3,2,5,6,79,72,12,132,28,18,0,46,84,75,305,85,43,10,10,42,26,27,21,48,8,13,17,35
253,PD45771b_lo0005,55,35,4,43,16,13,2,8,88,63,741,82,14,16,12,31,65,29,44,72,5,2,6,18,35,24,3,32,11,11,3,14,68,53,387,68,8,10,6,22,23,25,22,28,8,7,9,12,64,29,10,33,8,6,5,10,68,57,468,63,6,7,5,9,40,23,27,31,7,2,4,5,80,60,9,87,20,11,1,33,96,76,287,76,27,11,8,27,28,30,17,34,5,8,7,26
254,PD45771b_lo0006,46,35,2,29,11,11,3,14,90,53,749,78,20,13,18,39,71,23,48,63,9,4,7,10,31,24,5,23,9,9,5,20,55,58,368,73,8,7,11,15,19,20,28,28,4,7,12,4,77,23,13,45,5,11,4,9,65,68,459,55,5,5,5,12,33,20,28,27,6,3,4,3,76,68,13,88,21,10,2,29,89,70,273,79,38,7,8,23,34,34,18,37,7,6,13,27
255,PD45771b_lo0007,39,46,10,24,10,12,5,9,87,54,811,70,16,14,14,26,64,36,33,50,2,5,9,12,28,25,10,33,4,13,5,13,65,52,354,65,7,11,9,5,19,24,23,22,6,5,10,10,58,26,11,48,5,8,1,3,52,61,448,46,4,7,8,9,31,22,20,41,6,4,5,7,49,54,13,86,19,9,0,23,72,55,285,65,27,15,8,18,24,19,18,35,11,7,8,14
256,PD45773b_lo0001,57,32,4,28,26,9,2,17,82,47,420,73,18,14,12,18,44,21,45,64,9,9,6,8,53,17,6,15,10,9,2,17,69,68,210,68,14,16,17,18,16,23,20,21,7,7,13,13,41,26,9,22,7,8,2,6,42,62,270,70,4,2,8,8,27,17,15,34,4,1,5,7,37,30,10,50,9,12,2,33,54,90,151,54,25,13,9,21,24,21,14,32,13,6,12,15
257,PD45773b_lo0005,46,30,7,25,21,12,3,12,85,47,439,69,21,14,23,29,55,25,35,57,9,1,14,10,33,25,2,18,14,9,2,12,47,59,182,61,16,18,19,25,16,24,19,26,5,6,6,16,31,16,7,29,5,4,0,9,52,66,243,64,2,6,6,14,26,17,18,27,3,4,6,5,37,38,3,46,17,18,4,26,62,87,141,69,10,17,11,26,30,21,20,25,6,9,8,21
258,PD45773b_lo0002,54,54,7,36,17,10,2,21,80,46,396,45,20,20,19,24,67,26,40,45,9,3,9,13,32,19,0,32,12,7,3,14,59,69,189,66,13,9,13,21,25,19,26,20,2,11,11,13,38,20,8,19,9,12,5,3,56,68,265,63,4,5,10,12,25,22,13,31,3,3,5,6,50,42,5,48,102,28,4,172,145,107,149,91,22,11,10,24,31,24,15,26,13,4,11,23
259,PD45773b_lo0009,47,44,6,26,25,8,2,25,68,41,364,65,18,10,24,34,44,15,34,53,4,6,12,12,30,20,7,24,11,14,4,14,65,58,199,79,6,9,20,13,22,15,21,25,4,4,10,14,40,25,9,29,13,7,1,11,57,77,248,60,10,4,5,11,28,18,15,29,3,3,7,5,65,39,10,50,96,23,4,162,161,98,156,106,20,13,6,23,26,20,16,33,8,10,11,19
260,PD45773b_lo0003,51,30,9,35,25,9,4,18,75,64,403,64,16,12,21,19,44,16,35,49,8,9,9,9,25,17,3,23,17,11,3,12,54,54,188,76,9,11,15,15,14,19,18,19,3,6,11,6,42,23,13,30,3,7,0,8,56,63,222,58,6,7,10,8,17,24,16,34,3,5,8,5,34,40,3,41,14,11,3,28,47,74,135,49,18,11,9,17,23,17,13,24,12,11,14,22
261,PD45773b_lo0004,49,33,6,25,28,9,5,14,77,40,359,68,14,14,20,19,63,18,42,52,3,5,7,10,43,10,8,22,13,6,3,13,51,61,184,64,9,9,8,26,10,17,16,19,8,7,8,12,30,14,4,19,11,8,1,7,44,58,234,71,5,7,8,11,25,20,21,33,4,3,4,6,31,17,5,35,11,11,3,26,62,76,130,63,12,11,9,18,23,21,14,32,8,4,15,18
262,PD45776b_lo0001,50,30,12,29,16,15,1,14,93,43,548,49,15,15,18,36,60,31,32,56,8,10,9,10,32,13,3,28,11,13,1,12,53,47,282,72,11,13,12,24,24,18,13,26,5,3,6,7,52,23,9,25,6,7,1,10,52,60,350,59,2,2,5,11,28,22,32,33,3,2,3,7,42,36,11,54,8,10,1,16,50,69,222,43,26,12,6,19,36,31,15,36,15,5,9,17
263,PD45776b_lo0004,48,34,6,25,21,14,5,18,71,55,423,45,12,12,19,29,59,20,42,53,5,1,3,10,37,14,3,21,7,4,4,9,48,53,180,58,8,5,8,14,17,26,19,14,6,4,9,6,38,15,6,28,9,4,1,7,47,57,313,52,11,3,6,6,25,17,19,25,5,4,5,2,35,35,9,47,10,10,1,22,31,54,153,35,21,10,12,21,31,18,15,33,10,5,6,12
264,PD45776b_lo0007,53,31,5,28,26,5,3,10,68,54,504,59,16,23,23,29,77,32,38,47,7,4,10,12,39,20,7,18,11,8,3,10,53,68,245,70,11,13,9,14,22,21,30,26,5,5,7,17,57,25,9,21,10,8,2,9,56,70,321,56,5,7,12,11,35,22,28,46,6,1,10,7,49,44,8,67,11,10,3,16,62,75,204,39,21,8,3,15,37,30,31,37,9,10,16,26
265,PD45776b_lo0008,61,38,14,32,19,7,8,18,54,41,501,56,19,12,13,23,58,16,46,47,11,3,9,11,31,13,5,16,9,14,2,19,41,71,205,47,13,12,15,18,15,22,18,16,6,6,11,10,43,18,7,29,8,6,2,9,37,60,306,51,10,9,5,10,27,24,18,26,3,2,11,6,29,45,6,43,13,5,1,22,45,52,161,35,19,12,8,29,30,26,22,23,8,8,8,26
266,PD45776b_lo0002,55,39,4,27,15,15,1,18,77,58,564,50,20,11,9,40,60,20,47,65,10,2,8,13,39,28,2,27,13,8,0,12,49,51,263,61,8,9,20,18,18,29,26,33,3,7,10,7,47,23,10,34,6,2,3,8,48,49,341,55,9,6,5,5,37,23,19,39,6,3,7,6,56,31,11,74,7,9,3,27,42,66,194,47,29,10,7,19,33,24,17,45,7,6,9,17
267,PD45776b_lo0009,45,30,8,29,23,14,1,16,73,38,560,63,25,15,26,31,70,32,52,75,6,0,13,6,37,18,7,21,9,14,1,16,56,51,292,80,7,13,9,20,28,19,16,24,1,3,14,12,48,18,13,35,5,3,3,7,56,57,347,62,9,6,7,9,31,28,11,36,5,2,6,5,46,27,11,43,15,9,4,21,51,43,184,46,31,8,9,22,31,19,12,35,6,7,12,14
268,PD45778b_lo0001,45,33,1,25,20,8,0,17,54,30,430,67,19,16,16,30,55,15,31,56,12,2,10,4,34,17,2,27,8,7,3,9,47,49,207,47,10,7,8,34,20,22,13,20,2,3,2,8,36,17,6,23,8,5,2,5,47,39,303,55,6,5,5,10,25,19,21,33,2,1,2,2,51,30,9,45,29,21,2,52,109,64,198,86,11,7,4,13,19,16,16,32,5,4,5,16
269,PD45778b_lo0002,51,29,3,37,15,10,2,15,72,37,436,59,20,13,14,27,54,17,36,67,11,3,10,7,37,17,4,24,8,11,2,12,38,61,205,55,11,12,13,15,29,17,15,13,6,1,5,4,42,22,4,18,9,6,0,5,42,42,286,44,8,2,3,6,25,17,26,36,1,3,4,5,34,29,7,48,23,9,1,44,61,61,163,62,14,11,9,16,21,19,16,49,6,4,11,10
270,PD45778b_lo0003,46,26,6,37,20,2,5,17,60,46,469,51,10,11,18,32,55,33,33,63,15,4,11,13,31,18,6,22,8,7,4,14,47,59,241,60,11,12,11,19,13,26,21,22,4,9,10,11,41,23,8,24,5,8,2,5,45,63,284,38,8,9,2,11,32,16,22,21,1,2,8,10,52,52,4,73,84,26,3,106,166,94,208,102,24,13,8,19,30,17,18,34,10,6,10,19
271,PD45778b_lo0004,47,28,5,36,16,24,6,15,62,38,487,52,15,15,24,30,63,22,44,53,5,3,7,11,33,14,6,25,13,6,3,15,58,51,247,50,9,7,8,16,24,21,16,21,6,6,12,5,32,14,1,26,5,12,1,8,38,63,275,52,3,5,7,7,25,17,24,32,5,2,3,9,54,46,7,60,55,12,9,61,133,85,209,106,23,6,12,27,28,33,22,38,9,5,10,17
272,PD46562b_lo0004,23,24,8,19,10,6,1,7,51,32,359,53,9,10,9,18,36,13,23,38,3,3,5,10,18,14,2,16,3,1,0,12,43,22,183,35,3,8,10,10,14,10,7,21,2,2,7,6,10,12,4,16,7,4,3,7,33,40,227,27,2,2,3,6,21,13,10,23,2,2,8,4,17,25,5,33,5,7,2,15,37,42,161,34,17,12,6,13,13,12,8,26,5,4,7,20
273,PD46562b_lo0011,29,21,8,20,13,7,1,8,58,38,412,68,10,13,8,13,47,14,18,40,6,3,5,10,19,14,3,15,5,3,0,10,39,22,196,41,6,9,9,11,14,12,8,24,3,2,6,8,14,12,3,14,8,4,3,6,42,41,247,25,3,2,5,10,21,14,17,29,5,1,7,3,24,20,4,36,3,6,3,21,30,45,166,45,21,12,6,16,15,16,8,27,6,4,6,23
274,PD46562b_lo0005,20,24,8,17,9,6,2,9,50,30,346,49,8,11,7,14,40,17,14,45,4,3,4,9,18,14,2,11,3,1,0,11,40,20,162,32,4,6,12,9,12,11,8,15,2,2,5,7,9,11,3,12,8,4,3,7,34,36,218,20,1,2,3,7,18,11,13,27,2,3,5,4,22,23,4,32,5,6,2,18,34,50,143,38,12,15,8,10,15,11,10,24,5,3,8,17
275,PD46562b_lo0006,30,16,3,21,11,6,1,7,45,29,303,24,10,6,7,11,38,16,24,35,6,1,4,3,16,17,1,8,3,3,2,4,35,36,147,29,2,4,3,4,9,9,8,9,2,9,1,3,17,9,3,10,4,2,0,3,34,31,168,28,1,2,2,3,14,11,20,14,1,2,7,2,21,15,2,28,12,5,0,15,36,29,105,29,12,3,3,14,11,14,8,14,7,4,4,9
276,PD46562b_lo0007,29,9,2,15,10,7,2,10,34,33,210,28,7,6,7,17,27,14,30,31,4,2,4,9,16,9,1,8,4,4,2,5,26,27,95,39,4,7,6,13,8,9,9,11,4,3,5,3,16,10,0,16,4,5,1,6,24,35,93,31,5,3,3,1,21,9,8,19,2,1,2,1,19,15,1,14,6,9,6,12,30,32,63,23,16,5,8,10,15,18,13,11,6,3,10,13
277,PD46562b_lo0008,18,10,2,7,6,4,1,8,21,18,193,23,3,3,4,9,22,12,10,18,6,1,1,7,6,9,1,9,3,6,1,8,18,17,80,30,1,5,5,4,6,8,4,8,1,0,2,5,15,12,2,9,1,3,1,5,16,38,92,16,2,0,2,1,11,6,4,15,2,3,2,1,16,16,2,17,6,4,2,10,23,29,84,25,12,2,4,8,8,9,7,6,2,2,5,8
278,PD46562b_lo0010,27,18,4,11,8,5,1,8,44,30,258,35,9,3,7,18,30,11,14,32,4,1,3,6,17,9,4,9,7,5,2,7,30,24,144,43,1,5,7,7,9,8,8,5,2,5,1,6,23,11,5,14,3,7,1,4,19,36,169,18,4,0,4,1,20,7,6,30,1,1,0,1,24,24,4,18,13,2,3,10,40,49,111,25,14,4,2,14,15,14,9,18,6,4,3,15
279,PD46562b_lo0009,23,24,0,27,16,11,2,15,50,31,426,56,8,7,12,13,53,21,26,45,8,2,11,9,19,6,3,9,5,4,2,7,51,55,182,61,7,4,9,6,21,13,10,17,6,6,8,11,14,10,3,10,5,6,1,3,47,30,230,44,5,0,3,4,23,13,15,27,5,3,5,2,26,29,4,23,15,9,5,26,70,47,144,55,23,6,7,13,24,14,17,30,2,3,6,16
280,PD46563b_lo0001,52,38,9,25,11,10,2,11,65,45,621,56,13,12,19,34,71,18,46,49,6,3,9,10,31,21,9,23,13,7,1,10,52,51,279,61,9,10,15,10,19,14,23,26,2,7,8,13,46,31,10,29,6,6,0,6,59,61,399,65,10,5,4,14,31,17,20,35,5,6,3,4,47,45,15,57,10,5,2,22,61,61,222,62,27,11,6,21,25,26,11,21,10,13,7,23
281,PD46563b_lo0002,75,55,11,35,18,15,0,22,92,51,729,73,21,9,15,57,62,30,44,86,11,4,6,19,38,24,11,30,12,10,5,25,53,61,384,66,10,15,9,11,30,30,31,26,3,6,12,12,90,47,12,59,5,8,1,10,67,72,497,54,4,6,9,17,36,31,19,43,4,2,5,7,108,83,22,138,27,20,0,34,79,62,287,72,35,8,7,15,31,34,27,59,10,11,17,21
282,PD46563b_lo0003,70,44,10,43,9,11,0,18,75,68,820,73,22,10,14,55,60,35,39,62,12,8,6,12,37,23,7,37,12,11,3,15,63,64,444,71,4,10,8,19,27,27,28,39,1,3,12,7,95,36,26,51,6,6,2,1,56,58,581,37,2,10,4,11,45,33,23,42,5,6,9,6,103,58,17,146,27,19,5,46,100,87,332,91,35,9,6,32,34,28,21,40,9,13,14,28
283,PD46563b_lo0004,69,46,9,38,9,11,1,19,76,68,813,68,20,11,13,52,60,34,39,61,12,8,6,13,40,22,5,34,12,11,3,14,63,62,434,76,4,10,9,19,26,25,27,41,2,3,12,8,89,34,26,47,5,6,2,1,54,60,588,34,2,10,4,11,45,34,26,43,4,5,8,6,105,57,16,141,26,17,5,45,101,93,322,89,33,10,5,31,35,30,21,41,9,12,14,27
284,PD46563b_lo0005,58,43,12,31,15,13,3,20,82,45,790,68,19,29,13,57,72,12,40,57,10,6,9,18,33,22,7,31,8,5,4,14,59,57,400,62,7,12,15,10,29,19,19,31,5,12,12,14,62,39,18,35,5,11,0,11,64,62,538,66,8,6,10,14,48,29,31,47,5,0,2,12,77,66,13,135,15,17,2,20,82,82,288,91,39,7,9,20,30,21,21,48,9,10,10,23
285,PD46563b_lo0010,55,47,8,22,18,11,5,16,88,58,772,72,15,17,13,44,54,25,37,55,8,3,6,9,37,17,4,32,13,6,5,17,54,52,361,77,13,10,10,5,21,23,17,19,2,9,6,14,62,28,15,48,10,7,1,10,46,54,470,50,5,9,3,9,31,27,17,40,5,6,4,5,64,55,15,112,11,10,3,27,52,58,288,60,40,12,6,30,43,30,20,40,10,6,6,22
286,PD46563b_lo0011,51,50,8,29,10,11,3,19,73,48,844,62,15,12,16,37,62,25,48,67,12,5,10,17,37,26,4,24,6,3,3,12,66,38,375,73,9,11,7,15,16,35,29,31,4,7,15,17,94,32,14,60,5,4,3,7,63,76,546,63,8,6,8,8,34,24,24,37,9,3,1,11,68,59,12,128,17,10,3,23,73,62,331,68,35,12,6,20,27,27,27,34,8,6,14,30
287,PD46563b_lo0012,46,33,7,32,13,16,3,10,80,36,740,67,18,17,7,54,52,22,36,65,9,6,10,6,29,19,7,23,13,13,2,6,51,50,349,54,5,9,6,8,17,21,20,32,13,5,5,15,67,29,8,35,8,7,2,17,49,63,424,50,8,4,6,5,41,20,20,34,4,2,4,4,71,55,12,95,12,6,1,26,73,60,235,61,34,5,6,14,27,33,16,42,9,6,15,21
288,PD46563b_lo0013,45,35,6,33,13,15,3,10,78,39,761,67,19,20,7,55,56,22,35,65,9,8,10,5,32,18,8,22,13,13,2,6,57,50,351,55,5,8,7,9,16,23,22,34,12,5,7,14,71,31,8,36,7,9,2,16,49,62,442,52,8,5,6,6,41,22,21,33,4,2,5,6,73,55,13,96,12,7,1,25,72,62,245,61,34,5,7,15,28,31,15,44,10,6,12,21
289,PD46563b_lo0006,84,47,9,41,13,15,2,21,86,48,910,80,21,17,15,40,69,35,37,62,8,6,9,18,43,32,9,36,9,16,2,12,67,64,464,84,11,6,13,15,23,26,18,34,7,12,17,15,92,29,10,42,7,11,1,5,74,76,554,62,9,6,4,10,32,27,25,45,5,5,5,6,81,81,10,167,14,12,3,34,83,71,347,64,46,9,8,26,37,28,23,43,11,10,12,32
290,PD46563b_lo0007,67,43,11,35,23,5,7,17,86,57,852,69,27,21,16,39,60,21,40,67,6,4,5,12,36,19,9,32,6,12,1,6,55,59,394,75,9,4,11,22,21,17,35,35,5,5,10,13,80,29,14,42,5,9,2,5,61,86,575,68,8,3,4,11,33,23,26,48,10,4,9,5,54,66,10,96,17,15,2,27,72,58,352,61,54,12,5,27,38,25,19,33,10,5,5,22
291,PD46563b_lo0008,67,43,10,35,21,5,7,18,88,55,852,67,27,21,16,41,60,22,39,66,6,5,5,13,39,20,10,32,6,12,1,6,59,60,394,71,8,5,11,22,20,19,35,33,5,5,9,14,76,32,15,43,6,9,2,5,62,85,568,64,8,3,6,11,34,23,28,47,9,4,9,5,54,64,10,99,17,15,2,28,69,58,353,55,54,10,4,27,39,27,21,34,10,5,6,21
292,PD46563b_lo0009,66,41,6,40,9,14,1,11,102,56,805,75,22,21,10,51,77,22,56,71,8,7,6,16,42,23,6,28,6,5,4,14,69,55,425,66,9,10,8,15,35,19,25,34,4,10,8,16,85,31,9,48,7,7,3,8,55,69,544,66,4,7,7,11,39,26,34,49,3,2,4,11,78,83,15,131,11,19,0,32,92,69,298,102,28,8,8,23,36,34,18,34,13,8,12,34
293,PD46565b_lo0001,78,51,11,25,20,11,5,16,87,60,770,59,24,15,23,49,76,19,40,66,11,7,8,15,45,38,5,33,6,9,0,13,65,56,373,76,10,13,14,20,26,32,24,29,4,12,6,16,74,44,9,40,5,5,1,9,60,74,448,49,8,7,11,12,38,27,31,36,1,3,7,2,78,66,22,111,13,11,4,30,78,65,285,73,26,12,7,26,38,21,14,31,6,7,9,15
294,PD46565b_lo0002,69,43,9,35,22,19,2,20,76,55,789,70,27,19,21,45,66,35,40,67,10,4,4,14,28,25,3,44,10,10,1,14,56,69,318,65,9,11,12,20,28,21,19,39,8,12,9,13,73,38,11,66,11,6,1,7,58,59,471,52,8,2,6,17,35,34,29,38,4,3,7,9,76,61,12,138,16,6,4,24,67,57,268,57,36,14,5,24,45,27,19,42,14,11,8,16
295,PD46565b_lo0003,79,37,9,41,19,12,0,18,92,44,822,67,20,12,17,49,75,31,44,74,8,9,12,13,40,34,9,37,5,14,2,4,73,67,389,102,14,17,12,23,22,26,32,22,7,10,9,12,84,44,8,60,7,8,3,11,87,69,580,68,13,8,5,14,30,27,18,44,3,3,4,6,82,62,16,150,19,10,3,33,87,71,301,57,37,10,11,39,40,31,18,36,7,11,10,27
296,PD46565b_lo0004,60,41,9,28,17,11,2,12,92,53,658,57,27,15,14,34,60,27,46,55,4,5,13,14,25,27,5,40,8,5,2,11,51,56,333,59,10,16,14,15,16,23,24,26,7,6,7,11,72,30,7,38,7,7,2,9,72,66,454,63,5,5,6,11,38,28,21,43,4,2,7,9,55,68,13,86,16,10,3,24,64,64,245,81,44,4,9,21,32,25,17,35,9,8,8,33
297,PD46565b_lo0005,61,30,11,32,14,13,1,15,65,57,571,44,10,13,17,35,53,18,35,59,5,2,9,5,33,16,5,42,11,4,1,10,54,39,262,79,7,13,9,16,17,21,12,27,4,4,9,7,67,34,13,44,7,7,2,8,55,52,345,42,7,4,4,13,31,25,20,22,6,5,6,3,69,64,20,112,11,22,2,29,56,55,214,57,31,6,6,21,22,17,21,29,11,4,8,19
298,PD46565b_lo0006,75,34,6,43,19,14,3,19,86,51,692,53,15,15,19,37,84,31,41,77,6,10,10,13,45,30,5,40,9,3,2,17,69,61,353,65,3,12,13,14,17,28,18,19,6,11,7,17,88,36,19,56,12,5,0,10,67,52,481,69,7,4,2,8,36,26,21,35,2,4,6,4,97,74,14,130,8,21,1,24,59,60,269,69,31,12,7,19,34,24,21,37,12,7,8,19
299,PD46565c_lo0001,30,27,6,17,9,7,0,8,41,23,197,34,12,19,13,32,40,20,40,34,4,4,7,8,24,11,5,21,7,9,2,14,29,38,107,41,17,13,9,18,19,14,14,13,6,8,4,13,26,22,8,28,5,5,0,4,37,33,145,33,2,10,3,6,17,10,17,27,2,6,7,6,33,37,5,54,13,14,1,24,43,44,73,41,14,9,4,14,20,11,14,21,12,11,3,22
300,PD46565c_lo0009,16,13,4,11,11,5,1,11,29,22,33,23,21,14,17,9,42,8,28,40,7,4,7,7,8,9,5,13,4,10,2,15,31,12,23,23,0,10,11,9,20,4,20,15,3,4,10,10,9,14,3,10,1,2,2,2,18,19,20,14,2,10,4,4,17,16,16,24,4,2,4,2,12,19,1,17,9,11,1,10,28,23,22,23,9,9,4,19,26,10,13,18,8,7,6,9
301,PD46565c_lo0010,68,37,5,38,11,9,2,17,70,49,398,57,21,23,20,47,68,14,44,58,10,4,5,12,46,16,6,49,5,11,3,13,41,48,217,40,8,9,15,15,15,16,19,35,12,10,12,19,75,29,10,56,8,9,1,5,53,44,295,50,8,10,7,14,28,17,20,32,4,7,4,10,96,46,20,147,21,15,3,31,64,55,153,81,50,16,9,29,30,28,23,38,14,5,18,40
302,PD46565c_lo0002,87,41,2,44,17,19,1,19,108,61,811,83,24,27,30,63,88,30,53,71,9,5,17,8,49,34,5,38,17,7,3,13,69,84,392,85,11,13,21,22,26,24,29,39,8,11,15,11,98,34,20,48,5,15,1,5,78,68,528,75,9,8,11,15,30,40,32,36,4,7,7,6,80,73,20,171,32,16,3,49,98,70,336,85,51,10,8,33,37,37,11,53,14,12,10,42
303,PD46565c_lo0004,44,33,4,24,7,7,0,12,45,24,190,34,16,13,11,25,43,16,26,39,10,5,2,11,27,12,6,19,10,7,1,11,32,29,109,37,6,6,13,11,11,10,18,15,8,3,7,16,44,17,4,42,2,9,0,9,25,23,124,36,6,4,2,12,15,14,17,21,3,5,4,11,49,48,9,107,11,9,0,32,44,34,102,31,30,6,8,17,27,18,16,27,11,8,6,25
304,PD46565c_lo0008,25,22,3,18,8,5,1,7,41,22,109,34,15,20,15,23,43,17,36,39,8,6,3,7,24,21,1,20,8,11,2,9,37,26,58,44,9,8,9,15,14,4,22,18,6,3,6,18,33,15,3,22,2,11,2,8,19,27,56,22,3,4,5,8,26,7,10,26,3,5,5,7,31,20,7,54,5,12,1,16,34,33,37,30,28,13,5,16,24,16,10,22,13,8,10,29
305,PD46565c_lo0006,124,51,14,63,29,23,1,24,105,78,715,87,43,25,32,109,82,37,72,82,17,5,17,23,83,42,9,68,8,18,8,16,78,82,424,113,21,16,22,30,32,33,34,50,14,18,17,28,159,55,16,126,10,7,1,10,93,90,518,81,8,11,7,21,37,45,21,52,10,3,10,17,151,103,24,306,43,26,3,53,95,70,308,109,91,13,11,47,38,40,30,61,25,11,18,43
306,PD46566b_lo0001,58,24,4,33,3,8,6,9,41,39,506,58,8,10,9,25,46,19,26,37,5,1,6,9,24,17,3,22,4,3,2,6,47,33,259,42,6,8,5,7,11,12,12,17,4,4,6,7,56,19,13,30,3,6,1,10,40,35,285,34,4,3,0,10,29,22,23,21,0,3,2,3,54,35,8,91,13,11,0,23,59,63,191,55,25,7,2,16,14,17,13,17,4,7,8,24
307,PD46566b_lo0007,57,28,6,38,12,12,2,18,53,52,545,93,21,14,14,30,45,22,35,55,8,2,6,11,41,20,7,27,6,5,4,12,49,38,303,49,5,10,9,14,10,20,25,24,4,9,7,15,66,25,10,36,4,7,2,3,38,45,352,41,6,11,3,6,31,18,15,33,3,4,1,7,65,54,9,94,15,14,2,36,63,55,190,65,22,11,7,27,14,27,17,38,2,8,4,35
308,PD46566b_lo0008,59,30,6,27,8,14,2,15,66,52,542,87,17,19,19,35,55,25,30,55,13,4,3,13,37,23,9,30,9,4,6,8,42,35,334,58,5,7,8,18,17,20,30,14,4,5,5,10,61,24,8,39,5,10,2,3,39,50,340,45,3,6,6,6,36,23,16,25,2,5,3,5,60,57,11,89,28,13,1,32,71,45,202,77,36,15,6,18,22,24,17,28,9,8,5,31
309,PD46566b_lo0004,56,21,8,27,9,8,4,7,55,38,502,55,8,7,5,27,40,15,23,42,5,0,4,9,35,15,6,21,5,7,1,8,38,31,261,40,5,7,5,4,9,9,25,17,3,3,7,8,63,25,4,27,3,3,1,8,47,34,319,40,3,6,4,7,20,19,13,25,2,2,2,3,78,52,9,98,11,12,0,21,45,66,186,52,34,8,3,12,20,16,12,26,1,5,3,25
310,PD46566b_lo0002,41,27,4,16,9,8,1,14,47,27,423,57,10,14,7,42,44,11,30,38,7,2,1,9,31,10,4,31,8,7,2,7,47,27,219,39,5,5,5,2,10,14,21,12,4,6,5,7,47,14,7,38,2,4,1,5,36,39,260,29,3,2,4,3,22,14,13,19,6,3,4,10,57,36,9,67,9,5,1,18,28,37,170,45,22,6,6,6,22,18,17,31,6,6,4,26
311,PD46566b_lo0003,46,27,3,17,9,7,1,13,48,28,425,55,13,13,9,41,41,13,34,37,7,2,1,10,28,11,5,31,8,7,2,8,45,27,218,37,6,5,5,2,11,16,21,12,4,7,5,12,53,17,8,39,2,2,1,6,40,38,269,27,3,3,4,3,21,17,13,21,6,3,3,9,59,38,10,71,9,6,1,17,31,43,172,41,19,6,4,7,22,17,18,33,6,7,4,27
312,PD46568b_lo0002,33,20,6,14,4,3,2,6,49,31,386,41,8,11,10,21,29,18,18,42,4,4,6,9,16,12,4,9,0,8,2,8,40,31,151,44,1,4,6,4,7,14,11,19,4,2,6,9,31,16,7,12,4,3,0,3,34,41,241,31,3,4,2,5,9,11,17,23,2,2,2,3,35,24,3,38,6,9,0,9,38,39,125,32,13,3,5,10,11,10,6,19,3,9,5,14
313,PD46568b_lo0019,35,20,8,13,9,10,1,6,53,22,379,37,6,3,7,18,33,16,13,42,2,0,3,4,17,15,3,10,4,6,0,6,33,38,173,41,1,3,8,10,9,6,12,7,5,2,10,3,33,16,5,24,3,6,0,9,26,38,211,26,5,5,5,2,19,15,13,12,4,2,4,2,32,33,15,44,6,9,2,13,37,52,128,31,9,4,1,12,16,15,7,16,7,5,9,16
314,PD46568b_lo0004,20,26,7,7,4,5,1,4,35,21,260,31,4,6,6,10,34,15,22,33,6,3,1,7,15,11,3,8,2,4,2,3,28,30,152,21,6,5,4,3,6,8,13,10,3,3,7,10,20,8,4,11,4,1,2,7,15,26,149,28,3,5,0,11,13,7,8,9,2,1,4,2,18,20,2,26,5,4,0,7,28,25,105,22,11,7,2,9,6,9,11,17,4,3,7,10
315,PD46568b_lo0005,42,18,1,18,9,6,2,12,44,20,287,34,11,9,10,16,37,11,30,32,5,3,6,8,21,14,3,8,2,6,3,6,29,37,137,34,1,7,10,13,5,8,12,15,2,4,4,8,39,13,4,21,2,6,0,2,25,36,230,29,3,3,4,9,16,11,16,25,2,0,4,3,20,29,8,38,7,10,0,11,41,36,104,31,9,9,4,10,11,11,12,9,7,3,9,17
316,PD46568b_lo0007,26,19,2,11,9,2,2,7,38,30,354,33,10,9,8,14,34,11,14,29,5,1,3,8,16,5,4,13,6,6,2,6,32,31,122,28,2,5,6,7,9,1,9,12,1,4,5,7,22,9,3,18,2,3,2,4,28,41,217,30,2,1,2,6,19,15,11,22,3,6,1,7,30,26,7,35,5,5,2,17,31,38,107,39,11,4,7,12,10,9,10,25,1,6,5,14
317,PD46568b_lo0009,29,15,3,18,11,2,1,9,44,29,372,30,10,13,7,19,34,17,23,33,6,0,3,4,17,6,6,15,5,6,2,5,39,24,124,41,6,5,10,4,11,8,10,11,1,5,3,8,18,9,5,17,2,5,2,5,27,37,215,36,1,2,1,3,22,10,12,27,3,5,2,5,33,19,7,41,7,9,0,15,29,40,129,33,9,3,9,13,14,13,12,28,2,5,2,11
318,PD46568b_lo0010,27,21,5,17,6,11,2,7,48,29,319,37,5,8,8,25,24,8,20,25,3,1,2,5,17,7,3,13,9,3,0,6,38,47,156,35,3,2,4,6,15,11,14,14,5,3,7,6,19,8,4,10,3,2,1,6,27,33,192,27,2,1,2,7,19,14,14,20,2,3,4,4,26,21,6,30,6,4,1,8,32,47,125,39,12,6,4,8,10,14,5,17,5,4,6,7
319,PD46568b_lo0011,25,27,5,11,5,4,2,11,42,28,366,31,15,8,5,24,33,14,19,37,4,0,5,5,15,8,5,12,3,1,2,5,23,35,144,34,2,4,8,8,9,12,14,11,1,2,7,8,26,6,7,16,1,6,3,6,30,41,205,26,3,3,3,3,20,7,11,36,0,0,4,2,18,29,5,28,5,6,2,11,45,44,123,26,12,7,2,10,20,10,8,18,4,5,5,8
320,PD46568b_lo0012,25,23,6,11,8,6,1,11,44,27,355,40,15,5,7,24,26,12,14,31,3,0,2,9,17,7,5,12,4,1,4,7,22,38,151,36,1,5,7,6,9,10,15,12,3,5,9,9,27,13,4,12,2,7,2,5,30,42,207,32,1,4,3,4,21,7,13,36,0,1,2,3,20,29,6,39,8,8,4,6,34,52,134,24,18,7,3,11,22,10,13,19,6,4,5,12
321,PD46568b_lo0013,19,23,7,9,11,2,1,9,38,30,366,31,16,4,5,17,32,9,20,29,4,2,4,9,8,11,2,8,4,3,3,4,33,28,154,36,3,2,8,4,9,16,13,12,2,2,9,8,22,13,7,14,3,4,0,4,35,37,223,29,3,5,5,2,14,10,14,30,0,1,2,2,29,25,11,25,9,4,0,12,26,43,141,30,18,4,1,12,17,17,12,23,11,1,6,9
322,PD46568b_lo0014,20,23,8,11,11,3,1,9,40,30,375,33,14,6,5,17,34,8,18,28,4,2,4,9,8,11,1,9,4,5,3,4,33,29,155,35,3,2,8,4,9,16,15,13,2,2,7,6,24,14,8,16,3,4,0,3,33,34,221,28,3,5,5,2,13,10,15,27,0,1,3,2,30,21,10,24,10,3,0,11,25,42,140,28,18,6,1,13,17,19,14,24,10,1,5,10
323,PD46568b_lo0015,25,20,4,12,11,3,2,8,36,28,345,33,16,6,4,18,37,12,19,26,6,1,4,10,10,8,2,8,3,2,2,7,22,32,161,28,3,4,5,6,12,10,11,13,4,2,4,5,21,10,8,18,4,4,0,4,32,32,229,33,2,3,3,3,21,11,13,20,2,0,5,3,28,22,5,31,7,8,1,12,32,41,133,31,17,5,3,11,18,18,14,22,6,5,9,11
324,PD46568b_lo0016,21,18,5,14,7,8,1,4,37,25,353,39,14,8,14,19,34,6,29,29,3,0,3,2,15,9,0,17,1,9,1,10,22,34,157,35,3,5,11,12,13,7,13,18,1,3,8,6,21,9,5,18,7,6,1,5,24,34,234,30,4,4,4,3,13,10,14,23,0,4,4,3,18,21,4,34,9,8,2,7,31,34,124,27,7,8,4,15,13,9,5,22,7,3,6,11
325,PD46568b_lo0017,21,22,4,8,8,6,3,8,38,37,328,24,7,7,11,18,38,15,23,47,5,1,5,4,15,16,4,13,3,3,0,6,33,38,164,48,2,8,5,4,9,7,8,11,2,6,5,3,24,15,3,15,2,2,1,5,35,38,188,22,3,4,2,3,21,8,11,14,3,1,1,5,29,19,8,33,3,6,0,9,22,44,129,28,18,5,5,9,12,16,13,18,9,8,4,10
326,PD46573b_lo0001,57,43,7,26,13,7,2,19,81,54,640,60,14,18,11,34,59,17,23,49,7,6,9,12,36,22,6,15,9,7,3,15,42,44,315,67,7,13,9,12,25,18,22,27,4,7,6,19,60,23,9,27,6,10,3,5,61,60,383,50,6,9,6,10,46,21,25,32,5,4,2,6,48,42,10,73,16,8,3,35,71,51,233,66,28,7,8,24,28,20,19,36,10,21,7,26
327,PD46573b_lo0008,33,26,2,24,4,6,0,11,62,41,517,55,15,20,6,28,47,20,31,51,9,3,3,7,19,10,2,12,6,9,1,7,48,47,232,42,3,10,4,7,19,13,16,19,3,9,4,12,29,15,9,30,7,5,0,5,32,33,336,36,6,12,7,2,26,20,17,20,1,3,2,8,44,29,12,54,11,8,2,23,42,62,202,48,31,7,7,17,19,23,9,22,3,9,4,18
328,PD46573b_lo0002,65,48,10,29,20,14,2,14,75,52,896,74,16,22,10,50,60,28,46,84,19,11,11,9,32,28,11,24,13,10,3,14,86,77,429,77,9,13,11,11,18,20,30,26,9,5,12,22,85,38,20,45,4,11,2,13,67,91,567,74,7,7,7,13,46,27,30,34,4,4,6,11,98,76,20,111,143,29,4,149,181,97,375,105,38,8,6,24,31,38,20,40,14,12,13,25
329,PD46573b_lo0005,71,48,9,18,14,13,4,14,93,72,831,100,25,25,20,57,78,32,42,88,13,12,13,15,41,23,5,31,9,10,2,16,66,73,386,76,15,11,19,13,24,15,21,29,4,13,14,15,56,26,15,42,9,11,1,6,66,75,512,59,4,7,12,9,39,28,38,56,3,4,7,4,69,67,10,82,36,16,1,63,102,92,318,98,31,12,3,24,40,33,25,36,16,7,12,35
330,PD46573b_lo0007,64,47,8,24,14,15,3,9,119,71,905,109,22,17,16,53,92,34,42,71,10,9,12,16,42,27,8,37,6,11,3,16,73,54,456,80,4,11,17,15,22,30,17,31,9,10,15,18,85,40,18,49,6,12,3,7,70,85,599,61,10,9,6,11,37,37,25,46,7,5,3,11,81,69,17,96,23,8,2,34,97,103,352,96,41,16,7,31,38,35,23,34,8,9,16,37
331,PD52486b_lo0001,12,7,2,10,3,2,2,0,15,16,161,17,6,2,2,3,15,5,6,13,1,1,5,1,4,9,3,8,3,1,2,5,15,11,100,13,2,1,4,2,7,4,7,5,0,1,1,2,12,7,1,5,2,2,0,3,9,10,90,13,0,2,1,3,6,8,3,0,0,1,1,1,18,12,2,16,10,8,1,24,48,26,58,37,9,0,4,10,11,7,4,8,2,1,3,5
332,PD52486b_lo0002,16,14,0,3,0,1,0,2,15,9,179,18,8,1,5,10,11,3,14,11,0,2,2,3,12,2,2,3,0,3,0,1,18,15,90,15,2,4,2,3,6,8,3,6,1,1,2,1,16,4,2,13,3,0,0,0,16,13,105,14,1,0,0,5,3,10,3,11,1,1,3,1,15,9,3,19,14,4,0,10,33,24,72,21,3,1,1,4,3,7,8,5,0,0,1,3
333,PD52486b_lo0008,16,11,0,7,4,1,2,1,23,10,188,18,6,0,4,14,9,4,15,14,0,2,2,3,8,5,2,5,0,3,0,4,11,10,89,14,4,3,2,3,4,8,4,8,2,1,2,3,21,5,2,13,1,1,0,0,13,8,104,12,2,0,0,5,9,10,5,12,1,0,0,1,15,10,3,19,21,6,0,19,59,34,77,42,5,2,0,4,3,8,4,4,1,0,3,8
334,PD52486b_lo0004,11,10,0,10,4,5,0,4,20,6,156,19,7,5,2,7,19,6,4,16,6,2,4,3,12,3,0,3,3,3,0,2,12,16,58,18,0,1,6,6,5,8,1,6,2,0,3,2,15,10,0,10,3,3,1,2,13,13,116,10,2,0,2,4,4,6,4,8,0,0,1,1,22,7,2,24,6,2,0,11,38,20,63,27,10,0,3,4,4,1,4,4,0,1,1,7
335,PD52486b_lo0003,13,3,1,2,1,0,0,1,5,4,105,5,4,3,3,3,9,2,3,6,1,1,3,0,8,1,0,2,0,1,1,4,5,10,49,11,2,0,2,2,3,2,4,6,1,1,1,1,8,4,1,10,0,3,0,1,5,11,72,4,0,1,0,0,6,7,4,9,1,1,1,1,7,7,1,18,13,3,0,17,37,20,43,20,2,3,1,3,5,0,2,5,1,1,4,3
336,PD52486b_lo0009,22,12,1,10,7,1,0,7,15,10,180,17,4,0,7,9,12,8,8,14,1,0,1,1,16,6,2,8,4,6,0,4,17,12,97,15,3,4,6,4,7,10,2,10,3,5,5,2,25,8,6,13,4,2,0,4,6,9,122,14,1,0,3,3,6,2,3,8,3,2,4,2,19,17,2,41,10,4,0,16,44,27,85,36,7,0,3,10,9,12,6,6,5,0,4,6
337,PD52486b_lo0010,25,9,1,10,5,1,0,5,18,11,178,16,5,2,5,7,16,10,7,12,2,0,2,2,14,4,3,6,4,3,1,3,16,18,99,19,4,1,4,6,7,7,2,10,1,4,1,3,28,11,5,7,5,2,0,5,7,14,129,23,1,0,2,4,9,7,6,6,2,0,4,3,16,16,1,38,7,6,1,16,42,26,84,26,8,1,3,11,8,15,6,5,4,0,7,2
338,PD52486b_lo0005,19,10,0,9,3,0,0,0,9,17,160,8,4,6,2,9,12,6,7,21,1,0,4,2,12,5,4,6,3,2,1,2,21,11,88,13,3,4,4,3,3,8,8,4,0,0,1,2,28,6,3,10,1,0,1,2,17,25,108,14,2,3,0,1,9,4,2,10,1,0,4,1,11,10,0,16,2,3,0,4,11,21,64,17,8,3,3,10,5,1,4,11,1,3,5,3
339,PD52486b_lo0006,7,6,0,11,4,4,0,2,6,5,134,12,3,1,2,12,13,3,6,17,0,0,1,3,7,9,3,8,3,4,0,0,10,9,69,5,3,1,7,8,6,5,4,5,2,2,1,3,16,3,2,11,1,3,0,3,9,17,91,8,3,1,1,2,8,7,3,9,0,0,0,1,13,10,4,23,6,1,0,6,34,21,58,24,6,1,0,5,6,4,6,11,4,2,3,3
340,PD52487b_lo0002,21,20,3,14,7,3,2,2,25,24,175,16,8,0,6,9,22,7,12,31,1,2,1,2,22,5,3,11,4,5,2,8,20,22,94,27,3,5,7,8,5,12,5,5,1,4,3,1,20,10,3,13,2,2,0,9,30,27,147,21,2,2,1,8,10,12,2,12,2,1,4,3,21,22,8,21,12,5,1,21,28,35,74,39,5,2,0,17,11,15,12,17,2,1,3,5
341,PD52487b_lo0003,21,7,2,16,5,2,1,4,25,12,178,17,4,7,4,9,26,5,14,21,2,1,6,3,11,8,1,7,3,2,1,6,16,20,84,16,3,1,3,6,4,6,5,7,0,1,2,8,12,8,2,3,3,3,1,3,13,21,92,19,4,0,1,4,8,7,9,8,2,2,3,0,17,14,2,21,15,2,1,15,34,24,63,37,7,4,1,7,11,13,4,14,1,4,3,6
342,PD52487b_lo0004,27,9,5,12,11,6,0,10,26,20,191,24,9,6,11,14,25,11,15,28,4,0,5,6,19,6,2,15,7,2,4,7,21,26,104,24,7,3,7,7,9,8,7,9,2,3,2,2,16,6,4,18,4,3,1,2,27,22,132,19,2,3,2,3,10,12,5,14,1,2,2,1,40,22,4,35,116,20,2,145,145,59,82,100,7,4,3,13,9,13,10,15,5,1,7,6
343,PD52487b_lo0005,12,7,2,11,3,4,1,7,29,22,191,26,4,6,9,8,19,9,6,20,1,2,6,5,11,8,5,16,3,6,0,4,18,21,87,23,4,2,6,6,9,11,8,7,2,1,1,9,17,8,3,10,4,3,0,2,13,31,105,18,1,1,2,4,7,7,8,16,2,3,5,2,17,17,4,16,8,4,0,18,25,34,66,29,11,1,4,14,10,5,11,10,2,2,2,5
344,PD52487b_lo0006,17,14,3,16,12,2,2,5,23,20,170,20,5,9,5,11,19,4,16,24,1,2,2,1,11,15,2,7,3,2,1,7,21,25,94,29,7,6,3,5,8,4,9,10,1,1,3,3,18,7,1,13,4,1,0,6,20,16,98,20,4,1,3,5,8,7,8,17,3,2,1,4,18,18,5,21,29,7,0,36,51,39,68,40,9,2,2,7,8,6,6,13,7,3,5,11
